19
MZ853157.1_Opsarius_pulchellus     0.00000000    0.16545227    0.12292169    0.15226434    0.11647895    0.12794031    0.10915106    0.14325702    0.18883926    0.23036546    0.22851871    0.21318826    0.25311397    0.25651109    0.32557937    0.31919246    0.32337528    0.30976427    0.29305278
NC_031575.1_Opsaridium_ubangienser     0.16545227    0.00000000    0.11329944    0.15618794    0.12451095    0.13302233    0.11973104    0.15766268    0.20181486    0.24599061    0.24020634    0.22020679    0.27290026    0.27374364    0.34312460    0.34015801    0.34297000    0.31774001    0.31108500
AP012118.1_Raiamas_buchholzi     0.12292169    0.11329944    0.00000000    0.11216473    0.07321869    0.08368331    0.06607985    0.11839316    0.16124214    0.20926794    0.20181519    0.17859763    0.23500536    0.23492633    0.30120996    0.31039452    0.31236777    0.29952525    0.27734449
APO10780.1_Raiamas_senegalensis     0.15226434    0.15618794    0.11216473    0.00000000    0.10352782    0.10859614    0.09894654    0.14411961    0.18280015    0.22550847    0.21873350    0.19943552    0.25923056    0.25792699    0.31689704    0.32509651    0.32967003    0.30030204    0.29242283
AP011222.1_Raiamas_guttatus     0.11647895    0.12451095    0.07321869    0.10352782    0.00000000    0.07437735    0.05445926    0.11284116    0.15681833    0.20258440    0.20184655    0.17775052    0.23180359    0.23355638    0.29952312    0.30405282    0.30672231    0.29566307    0.27337808
AP012113.1_Raiamas_steindachneri     0.12794031    0.13302233    0.08368331    0.10859614    0.07437735    0.00000000    0.07169696    0.12423250    0.16264659    0.20710669    0.20587636    0.18313728    0.24156123    0.24120786    0.30261627    0.29930743    0.30336971    0.29489865    0.27903405
NC_046023.1_Barilius_malabaricus     0.10915106    0.11973104    0.06607985    0.09894654    0.05445926    0.07169696    0.00000000    0.10380505    0.15132544    0.19606638    0.19421157    0.16650871    0.22861781    0.22910563    0.29959362    0.29927498    0.30045487    0.29292973    0.26545569
NC_015533.1_Barilius_bendelisis     0.14325702    0.15766268    0.11839316    0.14411961    0.11284116    0.12423250    0.10380505    0.00000000    0.18463512    0.22717870    0.21944650    0.19978164    0.26710283    0.26673051    0.33202581    0.32874660    0.32969505    0.31627524    0.30321506
NC_015536.1_Aspidoparia_morar     0.18883926    0.20181486    0.16124214    0.18280015    0.15681833    0.16264659    0.15132544    0.18463512    0.00000000    0.16071655    0.22282885    0.20228777    0.26965574    0.27075389    0.33601611    0.33280752    0.33511978    0.30733383    0.29953243
NC_015549.1_Salmostoma_bacaila     0.23036546    0.24599061    0.20926794    0.22550847    0.20258440    0.20710669    0.19606638    0.22717870    0.16071655    0.00000000    0.25192148    0.22946676    0.29184793    0.29497628    0.36053961    0.35466786    0.35357329    0.33745758    0.31796155
NC_015541.1_Luciosoma_bleekeri     0.22851871    0.24020634    0.20181519    0.21873350    0.20184655    0.20587636    0.19421157    0.21944650    0.22282885    0.25192148    0.00000000    0.11985061    0.28543397    0.28464615    0.36028916    0.35316090    0.35497098    0.33470749    0.31116939
AP011423.1_Luciosoma_setigerum     0.21318826    0.22020679    0.17859763    0.19943552    0.17775052    0.18313728    0.16650871    0.19978164    0.20228777    0.22946676    0.11985061    0.00000000    0.26662066    0.26752957    0.33860399    0.33434992    0.33147724    0.31881733    0.29301589
KR606519.1_Danio_nigrofasciatus     0.25311397    0.27290026    0.23500536    0.25923056    0.23180359    0.24156123    0.22861781    0.26710283    0.26965574    0.29184793    0.28543397    0.26662066    0.00000000    0.02313750    0.21511212    0.20764754    0.21384534    0.29466674    0.27999140
NC_002333.2_Danio_rerio     0.25651109    0.27374364    0.23492633    0.25792699    0.23355638    0.24120786    0.22910563    0.26673051    0.27075389    0.29497628    0.28464615    0.26752957    0.02313750    0.00000000    0.21948483    0.21394274    0.21567406    0.30063846    0.28657560
NC_037360.1_Microdevario_kubotai     0.32557937    0.34312460    0.30120996    0.31689704    0.29952312    0.30261627    0.29959362    0.33202581    0.33601611    0.36053961    0.36028916    0.33860399    0.21511212    0.21948483    0.00000000    0.20842670    0.21376471    0.36287871    0.34976098
NC_031630.1_Devario_devario     0.31919246    0.34015801    0.31039452    0.32509651    0.30405282    0.29930743    0.29927498    0.32874660    0.33280752    0.35466786    0.35316090    0.33434992    0.20764754    0.21394274    0.20842670    0.00000000    0.03092783    0.35907177    0.33545376
MZ853154.1_Devario_interruptus     0.32337528    0.34297000    0.31236777    0.32967003    0.30672231    0.30336971    0.30045487    0.32969505    0.33511978    0.35357329    0.35497098    0.33147724    0.21384534    0.21567406    0.21376471    0.03092783    0.00000000    0.35845653    0.33661371
NC_043864.1_Amblypharyngodon_mola     0.30976427    0.31774001    0.29952525    0.30030204    0.29566307    0.29489865    0.29292973    0.31627524    0.30733383    0.33745758    0.33470749    0.31881733    0.29466674    0.30063846    0.36287871    0.35907177    0.35845653    0.00000000    0.14480611
MK955877.1_Rasbora_tornieri     0.29305278    0.31108500    0.27734449    0.29242283    0.27337808    0.27903405    0.26545569    0.30321506    0.29953243    0.31796155    0.31116939    0.29301589    0.27999140    0.28657560    0.34976098    0.33545376    0.33661371    0.14480611    0.00000000

19
MZ853157.1_Opsarius_pulchellus 0.00000000  0.11720515  0.09578863  0.09474954  0.07722617  0.08998691  0.07159315  0.09625002  0.11564039  0.12697839  0.14073079  0.12531616  0.14602896  0.14780626  0.22884616  0.21315174  0.21846699  0.20088352  0.17626321  
NC_031575.1_Opsaridium_ubangienser 0.11720515  0.00000000  0.08556172  0.10050078  0.08845458  0.09581572  0.08906976  0.11271404  0.12718967  0.15129817  0.14452131  0.13739407  0.16760023  0.16502525  0.24513236  0.22565236  0.22768822  0.19768712  0.18646027  
AP012118.1_Raiamas_buchholzi 0.09578863  0.08556172  0.00000000  0.07420110  0.05647622  0.06489474  0.05627985  0.08413266  0.10221340  0.11329110  0.11391267  0.10343470  0.13382490  0.12878830  0.20111191  0.20465714  0.20325205  0.18170617  0.16544615  
APO10780.1_Raiamas_senegalensis 0.09474954  0.10050078  0.07420110  0.00000000  0.05933264  0.06579979  0.05341007  0.08643433  0.10745431  0.11506279  0.11906570  0.10470700  0.14218522  0.13869408  0.21064381  0.20569718  0.20869726  0.17754589  0.15904014  
AP011222.1_Raiamas_guttatus 0.07722617  0.08845458  0.05647622  0.05933264  0.00000000  0.05350437  0.04143786  0.07804932  0.09655770  0.11138169  0.11203880  0.10080348  0.12459976  0.12187533  0.19997998  0.19828384  0.19843577  0.18164752  0.15680695  
AP012113.1_Raiamas_steindachneri 0.08998691  0.09581572  0.06489474  0.06579979  0.05350437  0.00000000  0.04965247  0.08647703  0.10716841  0.11400979  0.11902312  0.10486864  0.14212650  0.13827173  0.21169960  0.19827778  0.20174335  0.18045274  0.16376207  
NC_046023.1_Barilius_malabaricus 0.07159315  0.08906976  0.05627985  0.05341007  0.04143786  0.04965247  0.00000000  0.07518853  0.09265967  0.10255420  0.10919844  0.08701394  0.12482713  0.12206198  0.20542857  0.19974186  0.19824866  0.17846736  0.16029852  
NC_015533.1_Barilius_bendelisis 0.09625002  0.11271404  0.08413266  0.08643433  0.07804932  0.08647703  0.07518853  0.00000000  0.11877664  0.12789325  0.12894355  0.12086411  0.15160693  0.14968736  0.22779661  0.21633073  0.21464849  0.19462737  0.17611566  
NC_015536.1_Aspidoparia_morar 0.11564039  0.12718967  0.10221340  0.10745431  0.09655770  0.10716841  0.09265967  0.11877664  0.00000000  0.08791338  0.12996178  0.11759471  0.15699076  0.15347529  0.22375175  0.21705873  0.22313160  0.19413346  0.17880730  
NC_015549.1_Salmostoma_bacaila 0.12697839  0.15129817  0.11329110  0.11506279  0.11138169  0.11400979  0.10255420  0.12789325  0.08791338  0.00000000  0.13771164  0.12714922  0.16228332  0.16085350  0.23614891  0.21653603  0.21950141  0.20638272  0.18724197  
NC_015541.1_Luciosoma_bleekeri 0.14073079  0.14452131  0.11391267  0.11906570  0.11203880  0.11902312  0.10919844  0.12894355  0.12996178  0.13771164  0.00000000  0.06318521  0.16023173  0.15867873  0.23546840  0.22017029  0.21904374  0.20065962  0.18599505  
AP011423.1_Luciosoma_setigerum 0.12531616  0.13739407  0.10343470  0.10470700  0.10080348  0.10486864  0.08701394  0.12086411  0.11759471  0.12714922  0.06318521  0.00000000  0.14594140  0.14690067  0.22769256  0.21175956  0.20772068  0.19000175  0.17109400  
KR606519.1_Danio_nigrofasciatus 0.14602896  0.16760023  0.13382490  0.14218522  0.12459976  0.14212650  0.12482713  0.15160693  0.15699076  0.16228332  0.16023173  0.14594140  0.00000000  0.02405311  0.16457361  0.14030766  0.14817859  0.17073259  0.15326379  
NC_002333.2_Danio_rerio 0.14780626  0.16502525  0.12878830  0.13869408  0.12187533  0.13827173  0.12206198  0.14968736  0.15347529  0.16085350  0.15867873  0.14690067  0.02405311  0.00000000  0.16547723  0.14200038  0.14627245  0.17340906  0.15954970  
NC_037360.1_Microdevario_kubotai 0.22884616  0.24513236  0.20111191  0.21064381  0.19997998  0.21169960  0.20542857  0.22779661  0.22375175  0.23614891  0.23546840  0.22769256  0.16457361  0.16547723  0.00000000  0.16097088  0.16708641  0.25287721  0.23834671  
NC_031630.1_Devario_devario 0.21315174  0.22565236  0.20465714  0.20569718  0.19828384  0.19827778  0.19974186  0.21633073  0.21705873  0.21653603  0.22017029  0.21175956  0.14030766  0.14200038  0.16097088  0.00000000  0.01763571  0.23080290  0.21186124  
MZ853154.1_Devario_interruptus 0.21846699  0.22768822  0.20325205  0.20869726  0.19843577  0.20174335  0.19824866  0.21464849  0.22313160  0.21950141  0.21904374  0.20772068  0.14817859  0.14627245  0.16708641  0.01763571  0.00000000  0.23166727  0.21173080  
NC_043864.1_Amblypharyngodon_mola 0.20088352  0.19768712  0.18170617  0.17754589  0.18164752  0.18045274  0.17846736  0.19462737  0.19413346  0.20638272  0.20065962  0.19000175  0.17073259  0.17340906  0.25287721  0.23080290  0.23166727  0.00000000  0.10562916  
MK955877.1_Rasbora_tornieri 0.17626321  0.18646027  0.16544615  0.15904014  0.15680695  0.16376207  0.16029852  0.17611566  0.17880730  0.18724197  0.18599505  0.17109400  0.15326379  0.15954970  0.23834671  0.21186124  0.21173080  0.10562916  0.00000000  

19
MZ853157.1_Opsarius_pulchellus 0.00000000  0.11284678  0.08088697  0.10069791  0.07381918  0.08953401  0.06721886  0.09744610  0.11382891  0.13020791  0.12847168  0.11872182  0.15308085  0.15595630  0.21985831  0.23143984  0.23556628  0.19486884  0.16890395  
NC_031575.1_Opsaridium_ubangienser 0.11284678  0.00000000  0.08829583  0.10026986  0.08671180  0.09654876  0.08851602  0.11414569  0.13525584  0.15037290  0.14992680  0.14078522  0.17341545  0.17448608  0.23300347  0.23868433  0.24007166  0.19372350  0.18274965  
AP012118.1_Raiamas_buchholzi 0.08088697  0.08829583  0.00000000  0.07208388  0.05135102  0.06144683  0.04766997  0.08764840  0.10048569  0.11486421  0.11295367  0.10234890  0.14397016  0.14576634  0.20777554  0.22695114  0.22880645  0.18137437  0.15537641  
APO10780.1_Raiamas_senegalensis 0.10069791  0.10026986  0.07208388  0.00000000  0.06113980  0.06450820  0.05842138  0.09357352  0.11288916  0.13058173  0.12315803  0.11282722  0.15500414  0.15534869  0.21453883  0.23228590  0.23374433  0.18790889  0.16625574  
AP011222.1_Raiamas_guttatus 0.07381918  0.08671180  0.05135102  0.06113980  0.00000000  0.05549358  0.03681609  0.08428399  0.09358135  0.11495472  0.10772270  0.10226173  0.13315585  0.13801445  0.20156462  0.22076856  0.22276197  0.18319480  0.15319852  
AP012113.1_Raiamas_steindachneri 0.08953401  0.09654876  0.06144683  0.06450820  0.05549358  0.00000000  0.05222511  0.08724199  0.10894539  0.11576454  0.12229357  0.11169077  0.14536433  0.14879099  0.20596071  0.21945924  0.22140760  0.18710300  0.16506629  
NC_046023.1_Barilius_malabaricus 0.06721886  0.08851602  0.04766997  0.05842138  0.03681609  0.05222511  0.00000000  0.07638189  0.08587583  0.10229692  0.10418222  0.09170442  0.13310474  0.13495650  0.19706333  0.21537292  0.21633874  0.17796401  0.15185111  
NC_015533.1_Barilius_bendelisis 0.09744610  0.11414569  0.08764840  0.09357352  0.08428399  0.08724199  0.07638189  0.00000000  0.11903792  0.13810430  0.13232473  0.12078417  0.16430279  0.16537614  0.22618238  0.23922657  0.23665751  0.19045773  0.17859928  
NC_015536.1_Aspidoparia_morar 0.11382891  0.13525584  0.10048569  0.11288916  0.09358135  0.10894539  0.08587583  0.11903792  0.00000000  0.09150746  0.13111684  0.11520659  0.16727836  0.16504720  0.22682541  0.23940886  0.24169678  0.18755257  0.17555678  
NC_015549.1_Salmostoma_bacaila 0.13020791  0.15037290  0.11486421  0.13058173  0.11495472  0.11576454  0.10229692  0.13810430  0.09150746  0.00000000  0.13744596  0.12771793  0.17227800  0.17415819  0.23464804  0.23849521  0.23997223  0.21183163  0.18295811  
NC_015541.1_Luciosoma_bleekeri 0.12847168  0.14992680  0.11295367  0.12315803  0.10772270  0.12229357  0.10418222  0.13232473  0.13111684  0.13744596  0.00000000  0.05772299  0.15669478  0.16004761  0.22862578  0.22797404  0.22917864  0.20553434  0.18092033  
AP011423.1_Luciosoma_setigerum 0.11872182  0.14078522  0.10234890  0.11282722  0.10226173  0.11169077  0.09170442  0.12078417  0.11520659  0.12771793  0.05772299  0.00000000  0.14567208  0.14874275  0.21498623  0.21603578  0.21385617  0.19446540  0.17228417  
KR606519.1_Danio_nigrofasciatus 0.15308085  0.17341545  0.14397016  0.15500414  0.13315585  0.14536433  0.13310474  0.16430279  0.16727836  0.17227800  0.15669478  0.14567208  0.00000000  0.02803224  0.15921724  0.15007159  0.15621367  0.17710817  0.15342810  
NC_002333.2_Danio_rerio 0.15595630  0.17448608  0.14576634  0.15534869  0.13801445  0.14879099  0.13495650  0.16537614  0.16504720  0.17415819  0.16004761  0.14874275  0.02803224  0.00000000  0.16318015  0.15312465  0.15365109  0.18054838  0.16037483  
NC_037360.1_Microdevario_kubotai 0.21985831  0.23300347  0.20777554  0.21453883  0.20156462  0.20596071  0.19706333  0.22618238  0.22682541  0.23464804  0.22862578  0.21498623  0.15921724  0.16318015  0.00000000  0.16693842  0.16872448  0.24347412  0.22402877  
NC_031630.1_Devario_devario 0.23143984  0.23868433  0.22695114  0.23228590  0.22076856  0.21945924  0.21537292  0.23922657  0.23940886  0.23849521  0.22797404  0.21603578  0.15007159  0.15312465  0.16693842  0.00000000  0.01842743  0.24194543  0.22266169  
MZ853154.1_Devario_interruptus 0.23556628  0.24007166  0.22880645  0.23374433  0.22276197  0.22140760  0.21633874  0.23665751  0.24169678  0.23997223  0.22917864  0.21385617  0.15621367  0.15365109  0.16872448  0.01842743  0.00000000  0.23822225  0.22238618  
NC_043864.1_Amblypharyngodon_mola 0.19486884  0.19372350  0.18137437  0.18790889  0.18319480  0.18710300  0.17796401  0.19045773  0.18755257  0.21183163  0.20553434  0.19446540  0.17710817  0.18054838  0.24347412  0.24194543  0.23822225  0.00000000  0.10976465  
MK955877.1_Rasbora_tornieri 0.16890395  0.18274965  0.15537641  0.16625574  0.15319852  0.16506629  0.15185111  0.17859928  0.17555678  0.18295811  0.18092033  0.17228417  0.15342810  0.16037483  0.22402877  0.22266169  0.22238618  0.10976465  0.00000000  

19
MZ853157.1_Opsarius_pulchellus 0.00000000  0.11442195  0.08928845  0.10328809  0.07790060  0.09330221  0.07546768  0.09977476  0.11309226  0.14267613  0.14902487  0.12496075  0.15311743  0.15983747  0.22647982  0.20975848  0.21401642  0.20205511  0.17322169  
NC_031575.1_Opsaridium_ubangienser 0.11442195  0.00000000  0.08531146  0.09765656  0.08405341  0.09611162  0.08476937  0.11458265  0.12258127  0.15117112  0.14428579  0.12871204  0.17335804  0.17609946  0.24172800  0.22486756  0.22953702  0.20101157  0.18973711  
AP012118.1_Raiamas_buchholzi 0.08928845  0.08531146  0.00000000  0.07515336  0.05672463  0.06950475  0.05083130  0.09064286  0.09510936  0.12120169  0.12121908  0.10198383  0.13982931  0.13999447  0.20835374  0.20832983  0.20807319  0.18792337  0.16699828  
APO10780.1_Raiamas_senegalensis 0.10328809  0.09765656  0.07515336  0.00000000  0.06762789  0.07667656  0.06285328  0.09683946  0.11303157  0.12821821  0.13183297  0.11612780  0.15460411  0.15512891  0.21862187  0.21758884  0.22034670  0.19035715  0.17818843  
AP011222.1_Raiamas_guttatus 0.07790060  0.08405341  0.05672463  0.06762789  0.00000000  0.06532175  0.04234742  0.08128717  0.09580834  0.12356647  0.12216471  0.10525485  0.13586992  0.14020461  0.20411118  0.20555681  0.20721452  0.19001461  0.16282217  
AP012113.1_Raiamas_steindachneri 0.09330221  0.09611162  0.06950475  0.07667656  0.06532175  0.00000000  0.06422825  0.09329323  0.10193362  0.12232720  0.13185142  0.10562822  0.15084284  0.15255027  0.20732740  0.20415327  0.20628345  0.19253451  0.17444860  
NC_046023.1_Barilius_malabaricus 0.07546768  0.08476937  0.05083130  0.06285328  0.04234742  0.06422825  0.00000000  0.07941620  0.09094938  0.11091837  0.11221277  0.08933575  0.12918947  0.12996368  0.19918619  0.19415557  0.19500300  0.17892088  0.15721576  
NC_015533.1_Barilius_bendelisis 0.09977476  0.11458265  0.09064286  0.09683946  0.08128717  0.09329323  0.07941620  0.00000000  0.11674958  0.13669970  0.13850979  0.11794895  0.16381096  0.15998544  0.22438518  0.22610545  0.22428148  0.20028984  0.17841291  
NC_015536.1_Aspidoparia_morar 0.11309226  0.12258127  0.09510936  0.11303157  0.09580834  0.10193362  0.09094938  0.11674958  0.00000000  0.09179944  0.13177132  0.11212495  0.15520200  0.15399517  0.20780282  0.20128194  0.20921996  0.19471195  0.17361573  
NC_015549.1_Salmostoma_bacaila 0.14267613  0.15117112  0.12120169  0.12821821  0.12356647  0.12232720  0.11091837  0.13669970  0.09179944  0.00000000  0.14126081  0.11876115  0.17594045  0.17693934  0.23028763  0.22244693  0.22358615  0.21816213  0.19674817  
NC_015541.1_Luciosoma_bleekeri 0.14902487  0.14428579  0.12121908  0.13183297  0.12216471  0.13185142  0.11221277  0.13850979  0.13177132  0.14126081  0.00000000  0.06415508  0.17022038  0.17132239  0.24596542  0.23846822  0.23800059  0.21660591  0.18752973  
AP011423.1_Luciosoma_setigerum 0.12496075  0.12871204  0.10198383  0.11612780  0.10525485  0.10562822  0.08933575  0.11794895  0.11212495  0.11876115  0.06415508  0.00000000  0.15154980  0.15498857  0.22543259  0.21589300  0.21200431  0.19405849  0.16793936  
KR606519.1_Danio_nigrofasciatus 0.15311743  0.17335804  0.13982931  0.15460411  0.13586992  0.15084284  0.12918947  0.16381096  0.15520200  0.17594045  0.17022038  0.15154980  0.00000000  0.02763832  0.16072355  0.14170801  0.14717504  0.18351567  0.16540763  
NC_002333.2_Danio_rerio 0.15983747  0.17609946  0.13999447  0.15512891  0.14020461  0.15255027  0.12996368  0.15998544  0.15399517  0.17693934  0.17132239  0.15498857  0.02763832  0.00000000  0.16637816  0.14863786  0.14954305  0.18383772  0.16782151  
NC_037360.1_Microdevario_kubotai 0.22647982  0.24172800  0.20835374  0.21862187  0.20411118  0.20732740  0.19918619  0.22438518  0.20780282  0.23028763  0.24596542  0.22543259  0.16072355  0.16637816  0.00000000  0.15853390  0.16199658  0.25200714  0.23897898  
NC_031630.1_Devario_devario 0.20975848  0.22486756  0.20832983  0.21758884  0.20555681  0.20415327  0.19415557  0.22610545  0.20128194  0.22244693  0.23846822  0.21589300  0.14170801  0.14863786  0.15853390  0.00000000  0.01831444  0.23551717  0.21872585  
MZ853154.1_Devario_interruptus 0.21401642  0.22953702  0.20807319  0.22034670  0.20721452  0.20628345  0.19500300  0.22428148  0.20921996  0.22358615  0.23800059  0.21200431  0.14717504  0.14954305  0.16199658  0.01831444  0.00000000  0.23698949  0.21807602  
NC_043864.1_Amblypharyngodon_mola 0.20205511  0.20101157  0.18792337  0.19035715  0.19001461  0.19253451  0.17892088  0.20028984  0.19471195  0.21816213  0.21660591  0.19405849  0.18351567  0.18383772  0.25200714  0.23551717  0.23698949  0.00000000  0.11672859  
MK955877.1_Rasbora_tornieri 0.17322169  0.18973711  0.16699828  0.17818843  0.16282217  0.17444860  0.15721576  0.17841291  0.17361573  0.19674817  0.18752973  0.16793936  0.16540763  0.16782151  0.23897898  0.21872585  0.21807602  0.11672859  0.00000000  

19
MZ853157.1_Opsarius_pulchellus 0.00000000  0.11210619  0.08903762  0.09067806  0.07175945  0.08869465  0.06764589  0.10176741  0.12257416  0.13461163  0.14198670  0.12096588  0.15687001  0.15915882  0.22857940  0.23361858  0.23173102  0.20391812  0.18512947  
NC_031575.1_Opsaridium_ubangienser 0.11210619  0.00000000  0.08599048  0.10442359  0.09117041  0.09728691  0.08177697  0.11269178  0.12706168  0.15100499  0.15514570  0.13821270  0.18050717  0.18018697  0.24903555  0.24591948  0.24492563  0.20121735  0.19178668  
AP012118.1_Raiamas_buchholzi 0.08903762  0.08599048  0.00000000  0.07598072  0.06045256  0.07183659  0.05510598  0.09197200  0.10935603  0.13000122  0.13090332  0.10725301  0.14871913  0.14790332  0.21220726  0.22686603  0.22624781  0.18480680  0.16997318  
APO10780.1_Raiamas_senegalensis 0.09067806  0.10442359  0.07598072  0.00000000  0.06480599  0.07317471  0.05990422  0.09375926  0.11827002  0.13344339  0.13889565  0.12072568  0.16521568  0.16198263  0.22741147  0.23104155  0.23258767  0.19148272  0.18772876  
AP011222.1_Raiamas_guttatus 0.07175945  0.09117041  0.06045256  0.06480599  0.00000000  0.05660986  0.03747966  0.08019679  0.10281459  0.11958351  0.11901654  0.10496206  0.15103589  0.15270437  0.21248376  0.22567907  0.22439338  0.19221457  0.17310414  
AP012113.1_Raiamas_steindachneri 0.08869465  0.09728691  0.07183659  0.07317471  0.05660986  0.00000000  0.05110546  0.09109057  0.11170925  0.12538072  0.12311699  0.10346724  0.15646406  0.15539014  0.21351548  0.21843533  0.21241893  0.18920156  0.17736301  
NC_046023.1_Barilius_malabaricus 0.06764589  0.08177697  0.05510598  0.05990422  0.03747966  0.05110546  0.00000000  0.07516103  0.09728947  0.11417114  0.12078355  0.09432401  0.14347219  0.14374581  0.21503568  0.22068667  0.21941251  0.18907171  0.17453179  
NC_015533.1_Barilius_bendelisis 0.10176741  0.11269178  0.09197200  0.09375926  0.08019679  0.09109057  0.07516103  0.00000000  0.12423963  0.14780487  0.13767457  0.11776690  0.17387897  0.17336318  0.24585486  0.24866172  0.24161204  0.20444894  0.19362416  
NC_015536.1_Aspidoparia_morar 0.12257416  0.12706168  0.10935603  0.11827002  0.10281459  0.11170925  0.09728947  0.12423963  0.00000000  0.10066260  0.13201669  0.11708965  0.17575427  0.17309494  0.24078154  0.24228084  0.24521541  0.19625947  0.18598357  
NC_015549.1_Salmostoma_bacaila 0.13461163  0.15100499  0.13000122  0.13344339  0.11958351  0.12538072  0.11417114  0.14780487  0.10066260  0.00000000  0.14680367  0.12661968  0.18717152  0.18938591  0.26000707  0.24467609  0.24241241  0.21958334  0.20131363  
NC_015541.1_Luciosoma_bleekeri 0.14198670  0.15514570  0.13090332  0.13889565  0.11901654  0.12311699  0.12078355  0.13767457  0.13201669  0.14680367  0.00000000  0.07042754  0.19008977  0.18940594  0.25790941  0.25464167  0.25059228  0.22101269  0.19735345  
AP011423.1_Luciosoma_setigerum 0.12096588  0.13821270  0.10725301  0.12072568  0.10496206  0.10346724  0.09432401  0.11776690  0.11708965  0.12661968  0.07042754  0.00000000  0.16094912  0.16161392  0.23630133  0.23056109  0.22693173  0.19768162  0.17685839  
KR606519.1_Danio_nigrofasciatus 0.15687001  0.18050717  0.14871913  0.16521568  0.15103589  0.15646406  0.14347219  0.17387897  0.17575427  0.18717152  0.19008977  0.16094912  0.00000000  0.02741071  0.17990202  0.16230041  0.16678643  0.20031565  0.17665682  
NC_002333.2_Danio_rerio 0.15915882  0.18018697  0.14790332  0.16198263  0.15270437  0.15539014  0.14374581  0.17336318  0.17309494  0.18938591  0.18940594  0.16161392  0.02741071  0.00000000  0.18641884  0.16988048  0.17054944  0.19954971  0.18079720  
NC_037360.1_Microdevario_kubotai 0.22857940  0.24903555  0.21220726  0.22741147  0.21248376  0.21351548  0.21503568  0.24585486  0.24078154  0.26000707  0.25790941  0.23630133  0.17990202  0.18641884  0.00000000  0.18120688  0.18384024  0.27016695  0.25225969  
NC_031630.1_Devario_devario 0.23361858  0.24591948  0.22686603  0.23104155  0.22567907  0.21843533  0.22068667  0.24866172  0.24228084  0.24467609  0.25464167  0.23056109  0.16230041  0.16988048  0.18120688  0.00000000  0.02291639  0.25954977  0.23945532  
MZ853154.1_Devario_interruptus 0.23173102  0.24492563  0.22624781  0.23258767  0.22439338  0.21241893  0.21941251  0.24161204  0.24521541  0.24241241  0.25059228  0.22693173  0.16678643  0.17054944  0.18384024  0.02291639  0.00000000  0.25939614  0.23813341  
NC_043864.1_Amblypharyngodon_mola 0.20391812  0.20121735  0.18480680  0.19148272  0.19221457  0.18920156  0.18907171  0.20444894  0.19625947  0.21958334  0.22101269  0.19768162  0.20031565  0.19954971  0.27016695  0.25954977  0.25939614  0.00000000  0.11650920  
MK955877.1_Rasbora_tornieri 0.18512947  0.19178668  0.16997318  0.18772876  0.17310414  0.17736301  0.17453179  0.19362416  0.18598357  0.20131363  0.19735345  0.17685839  0.17665682  0.18079720  0.25225969  0.23945532  0.23813341  0.11650920  0.00000000  

19
MZ853157.1_Opsarius_pulchellus 0.00000000  0.12361900  0.09025644  0.09918083  0.07828211  0.09028858  0.07367087  0.10436768  0.11852314  0.13029272  0.14880040  0.13151272  0.15487696  0.15683602  0.24051668  0.21619002  0.21966592  0.20190380  0.18000969  
NC_031575.1_Opsaridium_ubangienser 0.12361900  0.00000000  0.08942823  0.11264310  0.09776449  0.09879597  0.09601778  0.12193549  0.13274094  0.15290194  0.16530925  0.15151396  0.17651850  0.17776627  0.25914870  0.23304665  0.23677238  0.21377890  0.20161945  
AP012118.1_Raiamas_buchholzi 0.09025644  0.08942823  0.00000000  0.07332116  0.06095457  0.06103940  0.05684688  0.08653471  0.09852917  0.12223004  0.13124011  0.11519215  0.14420833  0.14483930  0.21749516  0.20697556  0.20820463  0.18270727  0.16650650  
APO10780.1_Raiamas_senegalensis 0.09918083  0.11264310  0.07332116  0.00000000  0.06955266  0.07215373  0.06644647  0.09902198  0.10989707  0.12922644  0.14231230  0.12845019  0.15370817  0.15328290  0.22628614  0.21421782  0.21938873  0.18876860  0.17709730  
AP011222.1_Raiamas_guttatus 0.07828211  0.09776449  0.06095457  0.06955266  0.00000000  0.05910201  0.04292955  0.08637465  0.09920281  0.11913507  0.12815589  0.11403776  0.13124491  0.13649003  0.22220519  0.20267346  0.20374170  0.18292464  0.16257804  
AP012113.1_Raiamas_steindachneri 0.09028858  0.09879597  0.06103940  0.07215373  0.05910201  0.00000000  0.05567351  0.08680129  0.10155237  0.11967623  0.12895041  0.10952412  0.14844203  0.15054485  0.22288525  0.20139422  0.20270426  0.18629642  0.17144082  
NC_046023.1_Barilius_malabaricus 0.07367087  0.09601778  0.05684688  0.06644647  0.04292955  0.05567351  0.00000000  0.08029620  0.09159507  0.11175648  0.12716371  0.10461376  0.13435109  0.13627331  0.22252299  0.20194714  0.20085536  0.18500513  0.16374085  
NC_015533.1_Barilius_bendelisis 0.10436768  0.12193549  0.08653471  0.09902198  0.08637465  0.08680129  0.08029620  0.00000000  0.11973463  0.14429467  0.14708418  0.13235364  0.16677746  0.16481023  0.24383431  0.22859059  0.22795408  0.20830949  0.18950138  
NC_015536.1_Aspidoparia_morar 0.11852314  0.13274094  0.09852917  0.10989707  0.09920281  0.10155237  0.09159507  0.11973463  0.00000000  0.09345259  0.13691729  0.12065412  0.16126861  0.16194724  0.23420252  0.22416553  0.22639402  0.19161070  0.18254533  
NC_015549.1_Salmostoma_bacaila 0.13029272  0.15290194  0.12223004  0.12922644  0.11913507  0.11967623  0.11175648  0.14429467  0.09345259  0.00000000  0.15058981  0.13426233  0.17213762  0.17677373  0.23886142  0.22497595  0.22656390  0.21558107  0.19252945  
NC_015541.1_Luciosoma_bleekeri 0.14880040  0.16530925  0.13124011  0.14231230  0.12815589  0.12895041  0.12716371  0.14708418  0.13691729  0.15058981  0.00000000  0.07310484  0.17013025  0.17191714  0.24394773  0.23476266  0.23140490  0.21619141  0.18552653  
AP011423.1_Luciosoma_setigerum 0.13151272  0.15151396  0.11519215  0.12845019  0.11403776  0.10952412  0.10461376  0.13235364  0.12065412  0.13426233  0.07310484  0.00000000  0.15599597  0.16110520  0.22659975  0.21485130  0.21057862  0.19573105  0.16771828  
KR606519.1_Danio_nigrofasciatus 0.15487696  0.17651850  0.14420833  0.15370817  0.13124491  0.14844203  0.13435109  0.16677746  0.16126861  0.17213762  0.17013025  0.15599597  0.00000000  0.03190841  0.16535765  0.14803069  0.15091822  0.17946709  0.16069990  
NC_002333.2_Danio_rerio 0.15683602  0.17776627  0.14483930  0.15328290  0.13649003  0.15054485  0.13627331  0.16481023  0.16194724  0.17677373  0.17191714  0.16110520  0.03190841  0.00000000  0.16755203  0.15352492  0.15199038  0.18376984  0.16926639  
NC_037360.1_Microdevario_kubotai 0.24051668  0.25914870  0.21749516  0.22628614  0.22220519  0.22288525  0.22252299  0.24383431  0.23420252  0.23886142  0.24394773  0.22659975  0.16535765  0.16755203  0.00000000  0.17358412  0.17377227  0.25352404  0.24445085  
NC_031630.1_Devario_devario 0.21619002  0.23304665  0.20697556  0.21421782  0.20267346  0.20139422  0.20194714  0.22859059  0.22416553  0.22497595  0.23476266  0.21485130  0.14803069  0.15352492  0.17358412  0.00000000  0.01986303  0.24712805  0.22669980  
MZ853154.1_Devario_interruptus 0.21966592  0.23677238  0.20820463  0.21938873  0.20374170  0.20270426  0.20085536  0.22795408  0.22639402  0.22656390  0.23140490  0.21057862  0.15091822  0.15199038  0.17377227  0.01986303  0.00000000  0.24459691  0.22642843  
NC_043864.1_Amblypharyngodon_mola 0.20190380  0.21377890  0.18270727  0.18876860  0.18292464  0.18629642  0.18500513  0.20830949  0.19161070  0.21558107  0.21619141  0.19573105  0.17946709  0.18376984  0.25352404  0.24712805  0.24459691  0.00000000  0.11003370  
MK955877.1_Rasbora_tornieri 0.18000969  0.20161945  0.16650650  0.17709730  0.16257804  0.17144082  0.16374085  0.18950138  0.18254533  0.19252945  0.18552653  0.16771828  0.16069990  0.16926639  0.24445085  0.22669980  0.22642843  0.11003370  0.00000000  

19
MZ853157.1_Opsarius_pulchellus 0.00000000  0.12355461  0.09696435  0.10356494  0.08398368  0.09073370  0.07495139  0.10431300  0.12320581  0.13989501  0.15345461  0.14043095  0.15931743  0.16526281  0.23808786  0.22941301  0.23020477  0.20828319  0.18977431  
NC_031575.1_Opsaridium_ubangienser 0.12355461  0.00000000  0.08568430  0.10516283  0.09288732  0.09583377  0.08996833  0.11232396  0.13215393  0.15349024  0.16193404  0.15186290  0.18106526  0.17813458  0.24559069  0.24106406  0.24111854  0.20815119  0.20453780  
AP012118.1_Raiamas_buchholzi 0.09696435  0.08568430  0.00000000  0.08045289  0.06111563  0.06365893  0.05339336  0.08922680  0.10941488  0.12427056  0.13529784  0.11859032  0.15250367  0.15169320  0.22234526  0.21870662  0.22068403  0.19914846  0.17946398  
APO10780.1_Raiamas_senegalensis 0.10356494  0.10516283  0.08045289  0.00000000  0.06687284  0.07072635  0.06586755  0.10149001  0.11852830  0.12969357  0.14401969  0.13284404  0.17081322  0.16841907  0.23095143  0.22938496  0.23228096  0.19773475  0.18660651  
AP011222.1_Raiamas_guttatus 0.08398368  0.09288732  0.06111563  0.06687284  0.00000000  0.05401653  0.03915456  0.07909727  0.10358409  0.12178266  0.12967706  0.11937637  0.15426866  0.15336540  0.21957841  0.21570581  0.21671223  0.19548116  0.16980942  
AP012113.1_Raiamas_steindachneri 0.09073370  0.09583377  0.06365893  0.07072635  0.05401653  0.00000000  0.05204671  0.08758717  0.10516849  0.11990746  0.13008166  0.11487903  0.15487728  0.15313216  0.21553976  0.20685910  0.20752061  0.19748054  0.17343761  
NC_046023.1_Barilius_malabaricus 0.07495139  0.08996833  0.05339336  0.06586755  0.03915456  0.05204671  0.00000000  0.07512895  0.09272671  0.10620204  0.12366445  0.10353885  0.14445837  0.14356474  0.21744326  0.21062712  0.21030871  0.19362967  0.16737259  
NC_015533.1_Barilius_bendelisis 0.10431300  0.11232396  0.08922680  0.10149001  0.07909727  0.08758717  0.07512895  0.00000000  0.11814460  0.13746705  0.14374366  0.13340342  0.17126979  0.17116706  0.23712377  0.23596996  0.23346337  0.20839409  0.18620461  
NC_015536.1_Aspidoparia_morar 0.12320581  0.13215393  0.10941488  0.11852830  0.10358409  0.10516849  0.09272671  0.11814460  0.00000000  0.09945322  0.14914243  0.13612120  0.17077449  0.17042961  0.23682991  0.23692696  0.24038851  0.20333108  0.19106747  
NC_015549.1_Salmostoma_bacaila 0.13989501  0.15349024  0.12427056  0.12969357  0.12178266  0.11990746  0.10620204  0.13746705  0.09945322  0.00000000  0.15678925  0.14209076  0.17375123  0.17526919  0.24224761  0.23197480  0.23581264  0.22916726  0.19733523  
NC_015541.1_Luciosoma_bleekeri 0.15345461  0.16193404  0.13529784  0.14401969  0.12967706  0.13008166  0.12366445  0.14374366  0.14914243  0.15678925  0.00000000  0.06877921  0.17873320  0.17518225  0.24709922  0.24053447  0.24557163  0.22872679  0.19699614  
AP011423.1_Luciosoma_setigerum 0.14043095  0.15186290  0.11859032  0.13284404  0.11937637  0.11487903  0.10353885  0.13340342  0.13612120  0.14209076  0.06877921  0.00000000  0.15986386  0.16208836  0.23760153  0.23402809  0.23471301  0.21912348  0.18797138  
KR606519.1_Danio_nigrofasciatus 0.15931743  0.18106526  0.15250367  0.17081322  0.15426866  0.15487728  0.14445837  0.17126979  0.17077449  0.17375123  0.17873320  0.15986386  0.00000000  0.03185116  0.16655966  0.15688072  0.16054353  0.18761345  0.16371487  
NC_002333.2_Danio_rerio 0.16526281  0.17813458  0.15169320  0.16841907  0.15336540  0.15313216  0.14356474  0.17116706  0.17042961  0.17526919  0.17518225  0.16208836  0.03185116  0.00000000  0.16791275  0.15691499  0.15790745  0.19513929  0.17379881  
NC_037360.1_Microdevario_kubotai 0.23808786  0.24559069  0.22234526  0.23095143  0.21957841  0.21553976  0.21744326  0.23712377  0.23682991  0.24224761  0.24709922  0.23760153  0.16655966  0.16791275  0.00000000  0.16539075  0.16598847  0.26224864  0.24772634  
NC_031630.1_Devario_devario 0.22941301  0.24106406  0.21870662  0.22938496  0.21570581  0.20685910  0.21062712  0.23596996  0.23692696  0.23197480  0.24053447  0.23402809  0.15688072  0.15691499  0.16539075  0.00000000  0.01979852  0.25707234  0.23027041  
MZ853154.1_Devario_interruptus 0.23020477  0.24111854  0.22068403  0.23228096  0.21671223  0.20752061  0.21030871  0.23346337  0.24038851  0.23581264  0.24557163  0.23471301  0.16054353  0.15790745  0.16598847  0.01979852  0.00000000  0.25734096  0.23218451  
NC_043864.1_Amblypharyngodon_mola 0.20828319  0.20815119  0.19914846  0.19773475  0.19548116  0.19748054  0.19362967  0.20839409  0.20333108  0.22916726  0.22872679  0.21912348  0.18761345  0.19513929  0.26224864  0.25707234  0.25734096  0.00000000  0.10602525  
MK955877.1_Rasbora_tornieri 0.18977431  0.20453780  0.17946398  0.18660651  0.16980942  0.17343761  0.16737259  0.18620461  0.19106747  0.19733523  0.19699614  0.18797138  0.16371487  0.17379881  0.24772634  0.23027041  0.23218451  0.10602525  0.00000000  

19
MZ853157.1_Opsarius_pulchellus 0.00000000  0.11387887  0.08482401  0.09350696  0.07282026  0.08499793  0.06945975  0.09210953  0.11618947  0.13049102  0.13510480  0.11858896  0.15726069  0.16045826  0.23623547  0.23101788  0.23333994  0.21312655  0.18950460  
NC_031575.1_Opsaridium_ubangienser 0.11387887  0.00000000  0.08857755  0.11002460  0.09395684  0.10117689  0.09409029  0.11189857  0.13301133  0.15103203  0.14960490  0.13758051  0.17116762  0.17492014  0.25036496  0.24487800  0.24733665  0.21663359  0.20647210  
AP012118.1_Raiamas_buchholzi 0.08482401  0.08857755  0.00000000  0.07813334  0.05932970  0.06650539  0.05235585  0.08570915  0.10664400  0.11443456  0.11641988  0.10182015  0.15304078  0.15162955  0.22409286  0.22351766  0.22718424  0.19938076  0.18030301  
APO10780.1_Raiamas_senegalensis 0.09350696  0.11002460  0.07813334  0.00000000  0.06628131  0.07618619  0.06126921  0.09671570  0.11433939  0.12541329  0.13027938  0.11202474  0.16180392  0.16375342  0.22679455  0.22729501  0.23040548  0.19976101  0.18519089  
AP011222.1_Raiamas_guttatus 0.07282026  0.09395684  0.05932970  0.06628131  0.00000000  0.06343168  0.04086140  0.07742139  0.10214410  0.11620056  0.11989446  0.09778951  0.14086737  0.14364126  0.21619887  0.21439835  0.21870637  0.19676230  0.17055277  
AP012113.1_Raiamas_steindachneri 0.08499793  0.10117689  0.06650539  0.07618619  0.06343168  0.00000000  0.05797785  0.09254026  0.11191694  0.11651035  0.12538372  0.09983653  0.15451923  0.15440764  0.23077707  0.21456853  0.21532763  0.20135806  0.18183514  
NC_046023.1_Barilius_malabaricus 0.06945975  0.09409029  0.05235585  0.06126921  0.04086140  0.05797785  0.00000000  0.07567738  0.09826064  0.10462578  0.11393928  0.08867421  0.14298968  0.14366340  0.21996403  0.21181106  0.21044313  0.19157469  0.16388921  
NC_015533.1_Barilius_bendelisis 0.09210953  0.11189857  0.08570915  0.09671570  0.07742139  0.09254026  0.07567738  0.00000000  0.11949143  0.13476291  0.13535910  0.11528577  0.16554630  0.16298590  0.24005587  0.23954003  0.23961630  0.21562676  0.19630421  
NC_015536.1_Aspidoparia_morar 0.11618947  0.13301133  0.10664400  0.11433939  0.10214410  0.11191694  0.09826064  0.11949143  0.00000000  0.09962965  0.13715874  0.11835141  0.16742983  0.16919750  0.24276012  0.23492323  0.24082858  0.21090651  0.19321634  
NC_015549.1_Salmostoma_bacaila 0.13049102  0.15103203  0.11443456  0.12541329  0.11620056  0.11651035  0.10462578  0.13476291  0.09962965  0.00000000  0.13863966  0.12163129  0.17287362  0.17440008  0.25095721  0.23995529  0.23834252  0.21729223  0.19378290  
NC_015541.1_Luciosoma_bleekeri 0.13510480  0.14960490  0.11641988  0.13027938  0.11989446  0.12538372  0.11393928  0.13535910  0.13715874  0.13863966  0.00000000  0.06262881  0.16770975  0.16885338  0.25403428  0.23966734  0.24156262  0.21446947  0.18937671  
AP011423.1_Luciosoma_setigerum 0.11858896  0.13758051  0.10182015  0.11202474  0.09778951  0.09983653  0.08867421  0.11528577  0.11835141  0.12163129  0.06262881  0.00000000  0.15655702  0.15668820  0.23551980  0.22889707  0.22674863  0.19916002  0.17290189  
KR606519.1_Danio_nigrofasciatus 0.15726069  0.17116762  0.15304078  0.16180392  0.14086737  0.15451923  0.14298968  0.16554630  0.16742983  0.17287362  0.16770975  0.15655702  0.00000000  0.02426191  0.16749068  0.15084244  0.15516004  0.18780405  0.15942474  
NC_002333.2_Danio_rerio 0.16045826  0.17492014  0.15162955  0.16375342  0.14364126  0.15440764  0.14366340  0.16298590  0.16919750  0.17440008  0.16885338  0.15668820  0.02426191  0.00000000  0.17438557  0.15732448  0.15815644  0.19660724  0.16777853  
NC_037360.1_Microdevario_kubotai 0.23623547  0.25036496  0.22409286  0.22679455  0.21619887  0.23077707  0.21996403  0.24005587  0.24276012  0.25095721  0.25403428  0.23551980  0.16749068  0.17438557  0.00000000  0.17991650  0.17942155  0.26836845  0.24817744  
NC_031630.1_Devario_devario 0.23101788  0.24487800  0.22351766  0.22729501  0.21439835  0.21456853  0.21181106  0.23954003  0.23492323  0.23995529  0.23966734  0.22889707  0.15084244  0.15732448  0.17991650  0.00000000  0.02161593  0.25761633  0.23626006  
MZ853154.1_Devario_interruptus 0.23333994  0.24733665  0.22718424  0.23040548  0.21870637  0.21532763  0.21044313  0.23961630  0.24082858  0.23834252  0.24156262  0.22674863  0.15516004  0.15815644  0.17942155  0.02161593  0.00000000  0.25600419  0.23313708  
NC_043864.1_Amblypharyngodon_mola 0.21312655  0.21663359  0.19938076  0.19976101  0.19676230  0.20135806  0.19157469  0.21562676  0.21090651  0.21729223  0.21446947  0.19916002  0.18780405  0.19660724  0.26836845  0.25761633  0.25600419  0.00000000  0.11073214  
