19
MZ853157.1_Opsarius_pulchellus     0.00000000    0.17537756    0.12942907    0.16136071    0.12199157    0.13437771    0.11377914    0.15157683    0.20227024    0.24933527    0.24728895    0.22953029    0.27484381    0.27892347    0.35793925    0.35176208    0.35766878    0.34061080    0.31850041
NC_031575.1_Opsaridium_ubangienser     0.17537756    0.00000000    0.11843875    0.16433955    0.13092082    0.14040992    0.12523815    0.16679923    0.21636344    0.26738583    0.26059894    0.23639508    0.29822069    0.29903636    0.37785779    0.37422529    0.37761757    0.34868413    0.33842831
AP012118.1_Raiamas_buchholzi     0.12942907    0.11843875    0.00000000    0.11755316    0.07581968    0.08699064    0.06863919    0.12424369    0.17102272    0.22480817    0.21701130    0.19101501    0.25340803    0.25327887    0.32990248    0.34153959    0.34399123    0.32809979    0.29991061
APO10780.1_Raiamas_senegalensis     0.16136071    0.16433955    0.11755316    0.00000000    0.10736363    0.11411454    0.10302851    0.15321283    0.19534883    0.24337712    0.23432300    0.21272603    0.28205159    0.28073094    0.34811699    0.35792880    0.36176226    0.33069949    0.31942017
AP011222.1_Raiamas_guttatus     0.12199157    0.13092082    0.07581968    0.10736363    0.00000000    0.07684671    0.05575178    0.11765436    0.16574193    0.21692925    0.21514894    0.19020425    0.25007330    0.25189530    0.32745241    0.33368220    0.33664430    0.32358625    0.29500146
AP012113.1_Raiamas_steindachneri     0.13437771    0.14040992    0.08699064    0.11411454    0.07684671    0.00000000    0.07430416    0.13015277    0.17290393    0.22210343    0.21975175    0.19578454    0.26210847    0.26160913    0.33188738    0.33000102    0.33421336    0.32363442    0.30245124
NC_046023.1_Barilius_malabaricus     0.11377914    0.12523815    0.06863919    0.10302851    0.05575178    0.07430416    0.00000000    0.10810256    0.15877881    0.20879941    0.20688636    0.17665692    0.24641807    0.24702526    0.32656580    0.32784660    0.32888294    0.32187378    0.28747859
NC_015533.1_Barilius_bendelisis     0.15157683    0.16679923    0.12424369    0.15321283    0.11765436    0.13015277    0.10810256    0.00000000    0.19848831    0.24754460    0.23723035    0.21415449    0.29169213    0.29164038    0.36502185    0.36218557    0.36355926    0.34795662    0.32893946
NC_015536.1_Aspidoparia_morar     0.20227024    0.21636344    0.17102272    0.19534883    0.16574193    0.17290393    0.15877881    0.19848831    0.00000000    0.17285256    0.24117472    0.21686483    0.29593459    0.29648416    0.37386433    0.36895848    0.37215869    0.34307911    0.33075150
NC_015549.1_Salmostoma_bacaila     0.24933527    0.26738583    0.22480817    0.24337712    0.21692925    0.22210343    0.20879941    0.24754460    0.17285256    0.00000000    0.27402489    0.24757456    0.31666370    0.31947581    0.39982429    0.39045611    0.39000576    0.37686021    0.34946654
NC_015541.1_Luciosoma_bleekeri     0.24728895    0.26059894    0.21701130    0.23432300    0.21514894    0.21975175    0.20688636    0.23723035    0.24117472    0.27402489    0.00000000    0.12400745    0.31181245    0.30967802    0.39880106    0.38964131    0.39104901    0.36882254    0.34055229
AP011423.1_Luciosoma_setigerum     0.22953029    0.23639508    0.19101501    0.21272603    0.19020425    0.19578454    0.17665692    0.21415449    0.21686483    0.24757456    0.12400745    0.00000000    0.28774233    0.28916272    0.37251820    0.36717178    0.36405556    0.35062014    0.31973471
KR606519.1_Danio_nigrofasciatus     0.27484381    0.29822069    0.25340803    0.28205159    0.25007330    0.26210847    0.24641807    0.29169213    0.29593459    0.31666370    0.31181245    0.28774233    0.00000000    0.02342155    0.23226878    0.22293228    0.22948977    0.32373384    0.30287462
NC_002333.2_Danio_rerio     0.27892347    0.29903636    0.25327887    0.28073094    0.25189530    0.26160913    0.24702526    0.29164038    0.29648416    0.31947581    0.30967802    0.28916272    0.02342155    0.00000000    0.23657067    0.23000028    0.23119454    0.32973426    0.31016834
NC_037360.1_Microdevario_kubotai     0.35793925    0.37785779    0.32990248    0.34811699    0.32745241    0.33188738    0.32656580    0.36502185    0.37386433    0.39982429    0.39880106    0.37251820    0.23226878    0.23657067    0.00000000    0.22380268    0.22892200    0.40414553    0.38290489
NC_031630.1_Devario_devario     0.35176208    0.37422529    0.34153959    0.35792880    0.33368220    0.33000102    0.32784660    0.36218557    0.36895848    0.39045611    0.38964131    0.36717178    0.22293228    0.23000028    0.22380268    0.00000000    0.03127700    0.40012431    0.36657057
MZ853154.1_Devario_interruptus     0.35766878    0.37761757    0.34399123    0.36176226    0.33664430    0.33421336    0.32888294    0.36355926    0.37215869    0.39000576    0.39104901    0.36405556    0.22948977    0.23119454    0.22892200    0.03127700    0.00000000    0.39812127    0.36699640
NC_043864.1_Amblypharyngodon_mola     0.34061080    0.34868413    0.32809979    0.33069949    0.32358625    0.32363442    0.32187378    0.34795662    0.34307911    0.37686021    0.36882254    0.35062014    0.32373384    0.32973426    0.40414553    0.40012431    0.39812127    0.00000000    0.15176156
MK955877.1_Rasbora_tornieri     0.31850041    0.33842831    0.29991061    0.31942017    0.29500146    0.30245124    0.28747859    0.32893946    0.33075150    0.34946654    0.34055229    0.31973471    0.30287462    0.31016834    0.38290489    0.36657057    0.36699640    0.15176156    0.00000000

19
MZ853157.1_Opsarius_pulchellus 0.00000000  0.12340831  0.09688329  0.10573357  0.08288331  0.09540041  0.07999376  0.10651243  0.13591326  0.15394963  0.15350672  0.13424568  0.16668223  0.16889403  0.25077703  0.22310107  0.23156418  0.21153675  0.18349421  
NC_031575.1_Opsaridium_ubangienser 0.12340831  0.00000000  0.08791672  0.11317318  0.09200348  0.10126618  0.09223473  0.11951741  0.14198675  0.16003049  0.16137404  0.14798192  0.18373746  0.18548896  0.25680377  0.23922197  0.24323374  0.22594507  0.20288186  
AP012118.1_Raiamas_buchholzi 0.09688329  0.08791672  0.00000000  0.07890935  0.05038167  0.06074145  0.05279794  0.08997073  0.10835378  0.12572614  0.12794880  0.11192295  0.15809216  0.15789315  0.22084041  0.21728997  0.22077451  0.19933237  0.16936497  
APO10780.1_Raiamas_senegalensis 0.10573357  0.11317318  0.07890935  0.00000000  0.06786777  0.07685108  0.06551610  0.10485456  0.11846897  0.13820661  0.13733303  0.11949478  0.16781920  0.16550769  0.24224324  0.22867240  0.23250408  0.20593129  0.18463608  
AP011222.1_Raiamas_guttatus 0.08288331  0.09200348  0.05038167  0.06786777  0.00000000  0.05540798  0.03815660  0.08481837  0.10832560  0.12841053  0.12663063  0.11043214  0.15038329  0.15046135  0.22198930  0.20970871  0.21336967  0.19948331  0.16041705  
AP012113.1_Raiamas_steindachneri 0.09540041  0.10126618  0.06074145  0.07685108  0.05540798  0.00000000  0.05698704  0.09444440  0.11528132  0.12725259  0.13288697  0.11382920  0.16940390  0.16701216  0.23639684  0.21545817  0.21540991  0.21036417  0.17580918  
NC_046023.1_Barilius_malabaricus 0.07999376  0.09223473  0.05279794  0.06551610  0.03815660  0.05698704  0.00000000  0.08206651  0.10707458  0.11846514  0.12956788  0.10416156  0.15145325  0.15060983  0.22629485  0.21553023  0.21547616  0.20477677  0.16702660  
NC_015533.1_Barilius_bendelisis 0.10651243  0.11951741  0.08997073  0.10485456  0.08481837  0.09444440  0.08206651  0.00000000  0.12915491  0.15391614  0.14530750  0.12987428  0.17269007  0.17322371  0.25547720  0.24118614  0.23929806  0.21293195  0.19500725  
NC_015536.1_Aspidoparia_morar 0.13591326  0.14198675  0.10835378  0.11846897  0.10832560  0.11528132  0.10707458  0.12915491  0.00000000  0.10509094  0.13907223  0.12982610  0.17848191  0.17786757  0.25092094  0.23478629  0.24289378  0.20856433  0.18482691  
NC_015549.1_Salmostoma_bacaila 0.15394963  0.16003049  0.12572614  0.13820661  0.12841053  0.12725259  0.11846514  0.15391614  0.10509094  0.00000000  0.15466735  0.13718496  0.17871541  0.18612177  0.25712526  0.23953882  0.24693677  0.23436628  0.19233508  
NC_015541.1_Luciosoma_bleekeri 0.15350672  0.16137404  0.12794880  0.13733303  0.12663063  0.13288697  0.12956788  0.14530750  0.13907223  0.15466735  0.00000000  0.06772666  0.18704079  0.18339487  0.26648153  0.24501472  0.24545004  0.23432310  0.19609892  
AP011423.1_Luciosoma_setigerum 0.13424568  0.14798192  0.11192295  0.11949478  0.11043214  0.11382920  0.10416156  0.12987428  0.12982610  0.13718496  0.06772666  0.00000000  0.15985462  0.15963130  0.24321468  0.22688378  0.22373697  0.21037397  0.17454694  
KR606519.1_Danio_nigrofasciatus 0.16668223  0.18373746  0.15809216  0.16781920  0.15038329  0.16940390  0.15145325  0.17269007  0.17848191  0.17871541  0.18704079  0.15985462  0.00000000  0.02497835  0.17656690  0.14751377  0.15917659  0.19404550  0.16715834  
NC_002333.2_Danio_rerio 0.16889403  0.18548896  0.15789315  0.16550769  0.15046135  0.16701216  0.15060983  0.17322371  0.17786757  0.18612177  0.18339487  0.15963130  0.02497835  0.00000000  0.17796282  0.15384299  0.15759529  0.19384967  0.17383477  
NC_037360.1_Microdevario_kubotai 0.25077703  0.25680377  0.22084041  0.24224324  0.22198930  0.23639684  0.22629485  0.25547720  0.25092094  0.25712526  0.26648153  0.24321468  0.17656690  0.17796282  0.00000000  0.18006663  0.17918863  0.28036250  0.24785347  
NC_031630.1_Devario_devario 0.22310107  0.23922197  0.21728997  0.22867240  0.20970871  0.21545817  0.21553023  0.24118614  0.23478629  0.23953882  0.24501472  0.22688378  0.14751377  0.15384299  0.18006663  0.00000000  0.02280291  0.25471855  0.22553592  
MZ853154.1_Devario_interruptus 0.23156418  0.24323374  0.22077451  0.23250408  0.21336967  0.21540991  0.21547616  0.23929806  0.24289378  0.24693677  0.24545004  0.22373697  0.15917659  0.15759529  0.17918863  0.02280291  0.00000000  0.25448434  0.22671939  
NC_043864.1_Amblypharyngodon_mola 0.21153675  0.22594507  0.19933237  0.20593129  0.19948331  0.21036417  0.20477677  0.21293195  0.20856433  0.23436628  0.23432310  0.21037397  0.19404550  0.19384967  0.28036250  0.25471855  0.25448434  0.00000000  0.12473133  
MK955877.1_Rasbora_tornieri 0.18349421  0.20288186  0.16936497  0.18463608  0.16041705  0.17580918  0.16702660  0.19500725  0.18482691  0.19233508  0.19609892  0.17454694  0.16715834  0.17383477  0.24785347  0.22553592  0.22671939  0.12473133  0.00000000  

19
MZ853157.1_Opsarius_pulchellus 0.00000000  0.13072977  0.10199761  0.11775417  0.09207350  0.10011275  0.08552907  0.12052487  0.14570976  0.16844641  0.18297613  0.15768717  0.18166180  0.18768078  0.27565635  0.27373275  0.27615202  0.23857082  0.20854869  
NC_031575.1_Opsaridium_ubangienser 0.13072977  0.00000000  0.09393390  0.13065701  0.10708235  0.11094708  0.09530205  0.13567054  0.15613787  0.18323053  0.19184656  0.16126898  0.20421149  0.20421152  0.29341003  0.28732483  0.28786404  0.24670047  0.22400799  
AP012118.1_Raiamas_buchholzi 0.10199761  0.09393390  0.00000000  0.10360484  0.06678725  0.07698148  0.06122459  0.10044175  0.12582945  0.13807744  0.15573926  0.12765182  0.16599836  0.16196535  0.25536220  0.25560906  0.25292870  0.22714093  0.19329907  
APO10780.1_Raiamas_senegalensis 0.11775417  0.13065701  0.10360484  0.00000000  0.08851168  0.09685606  0.08599216  0.12504015  0.14404253  0.16762064  0.18206161  0.15450875  0.18521956  0.18102013  0.27052023  0.28094906  0.28081125  0.22834522  0.21634911  
AP011222.1_Raiamas_guttatus 0.09207350  0.10708235  0.06678725  0.08851168  0.00000000  0.06637254  0.05187397  0.09953416  0.11998306  0.14103327  0.15675148  0.13087003  0.15927226  0.16010824  0.25256932  0.26183141  0.26066291  0.22961746  0.19122764  
AP012113.1_Raiamas_steindachneri 0.10011275  0.11094708  0.07698148  0.09685606  0.06637254  0.00000000  0.06763804  0.10665210  0.12326812  0.14201123  0.16048203  0.13277986  0.16729851  0.16487042  0.25350842  0.25124819  0.25296510  0.22887193  0.20055694  
NC_046023.1_Barilius_malabaricus 0.08552907  0.09530205  0.06122459  0.08599216  0.05187397  0.06763804  0.00000000  0.09142529  0.11636067  0.13302329  0.15433231  0.12345024  0.15708421  0.15556522  0.25703195  0.25039256  0.24879399  0.22598028  0.18522285  
NC_015533.1_Barilius_bendelisis 0.12052487  0.13567054  0.10044175  0.12504015  0.09953416  0.10665210  0.09142529  0.00000000  0.15195719  0.16610607  0.18079079  0.14901934  0.20224036  0.19709807  0.29142762  0.28882270  0.28449377  0.25357163  0.22309940  
NC_015536.1_Aspidoparia_morar 0.14570976  0.15613787  0.12582945  0.14404253  0.11998306  0.12326812  0.11636067  0.15195719  0.00000000  0.12143717  0.17288856  0.14720801  0.20205028  0.19996788  0.28919914  0.29202051  0.29145837  0.24311515  0.21857086  
NC_015549.1_Salmostoma_bacaila 0.16844641  0.18323053  0.13807744  0.16762064  0.14103327  0.14201123  0.13302329  0.16610607  0.12143717  0.00000000  0.18707340  0.15680425  0.21415595  0.20920686  0.29199056  0.29065961  0.29019508  0.26937920  0.23010688  
NC_015541.1_Luciosoma_bleekeri 0.18297613  0.19184656  0.15573926  0.18206161  0.15675148  0.16048203  0.15433231  0.18079079  0.17288856  0.18707340  0.00000000  0.08339066  0.20880077  0.20921460  0.31559571  0.30220184  0.30062982  0.27040034  0.23145400  
AP011423.1_Luciosoma_setigerum 0.15768717  0.16126898  0.12765182  0.15450875  0.13087003  0.13277986  0.12345024  0.14901934  0.14720801  0.15680425  0.08339066  0.00000000  0.17589707  0.17468058  0.27548509  0.26408806  0.26246887  0.24302560  0.20972467  
KR606519.1_Danio_nigrofasciatus 0.18166180  0.20421149  0.16599836  0.18521956  0.15927226  0.16729851  0.15708421  0.20224036  0.20205028  0.21415595  0.20880077  0.17589707  0.00000000  0.02673241  0.18991618  0.17391188  0.18010084  0.21575647  0.17924232  
NC_002333.2_Danio_rerio 0.18768078  0.20421152  0.16196535  0.18102013  0.16010824  0.16487042  0.15556522  0.19709807  0.19996788  0.20920686  0.20921460  0.17468058  0.02673241  0.00000000  0.19168027  0.17953993  0.18158298  0.21711817  0.18275746  
NC_037360.1_Microdevario_kubotai 0.27565635  0.29341003  0.25536220  0.27052023  0.25256932  0.25350842  0.25703195  0.29142762  0.28919914  0.29199056  0.31559571  0.27548509  0.18991618  0.19168027  0.00000000  0.19604717  0.19822228  0.31200399  0.28619978  
NC_031630.1_Devario_devario 0.27373275  0.28732483  0.25560906  0.28094906  0.26183141  0.25124819  0.25039256  0.28882270  0.29202051  0.29065961  0.30220184  0.26408806  0.17391188  0.17953993  0.19604717  0.00000000  0.02491720  0.29891073  0.27241585  
MZ853154.1_Devario_interruptus 0.27615202  0.28786404  0.25292870  0.28081125  0.26066291  0.25296510  0.24879399  0.28449377  0.29145837  0.29019508  0.30062982  0.26246887  0.18010084  0.18158298  0.19822228  0.02491720  0.00000000  0.30038047  0.26842025  
NC_043864.1_Amblypharyngodon_mola 0.23857082  0.24670047  0.22714093  0.22834522  0.22961746  0.22887193  0.22598028  0.25357163  0.24311515  0.26937920  0.27040034  0.24302560  0.21575647  0.21711817  0.31200399  0.29891073  0.30038047  0.00000000  0.12952944  
MK955877.1_Rasbora_tornieri 0.20854869  0.22400799  0.19329907  0.21634911  0.19122764  0.20055694  0.18522285  0.22309940  0.21857086  0.23010688  0.23145400  0.20972467  0.17924232  0.18275746  0.28619978  0.27241585  0.26842025  0.12952944  0.00000000  

19
MZ853157.1_Opsarius_pulchellus 0.00000000  0.12694359  0.09842287  0.10004150  0.08799173  0.09549183  0.07734197  0.10292340  0.13046385  0.15850132  0.15138157  0.13544099  0.17867744  0.17784719  0.26433717  0.25177256  0.24972074  0.21592184  0.20875717  
NC_031575.1_Opsaridium_ubangienser 0.12694359  0.00000000  0.09229777  0.10791790  0.10400040  0.10539820  0.09722575  0.12916500  0.13864312  0.17775994  0.16509014  0.15187151  0.19201254  0.18491763  0.27658263  0.26045938  0.26117115  0.21698438  0.21821144  
AP012118.1_Raiamas_buchholzi 0.09842287  0.09229777  0.00000000  0.07687646  0.05917896  0.06813668  0.05487599  0.09817106  0.10369562  0.13177802  0.12503120  0.11257626  0.16480756  0.15975692  0.24186672  0.24308020  0.24049155  0.20345154  0.18529976  
APO10780.1_Raiamas_senegalensis 0.10004150  0.10791790  0.07687646  0.00000000  0.06214139  0.07042140  0.05933031  0.10142836  0.10658766  0.13972466  0.13291630  0.12394706  0.17310107  0.16644878  0.24633775  0.24763438  0.24683066  0.20920548  0.19838026  
AP011222.1_Raiamas_guttatus 0.08799173  0.10400040  0.05917896  0.06214139  0.00000000  0.05731444  0.04184138  0.08596830  0.09828994  0.13282614  0.12103249  0.11397548  0.16101502  0.15547925  0.24361676  0.24126105  0.23792980  0.20518893  0.18443227  
AP012113.1_Raiamas_steindachneri 0.09549183  0.10539820  0.06813668  0.07042140  0.05731444  0.00000000  0.05674931  0.09411051  0.10655353  0.13267078  0.12967953  0.11061739  0.16115620  0.16023137  0.24248733  0.22751590  0.22502178  0.20226687  0.18895909  
NC_046023.1_Barilius_malabaricus 0.07734197  0.09722575  0.05487599  0.05933031  0.04184138  0.05674931  0.00000000  0.08583250  0.09077866  0.12364840  0.11327600  0.09652201  0.15469100  0.15107954  0.24556462  0.23384851  0.23219659  0.19841782  0.17640470  
NC_015533.1_Barilius_bendelisis 0.10292340  0.12916500  0.09817106  0.10142836  0.08596830  0.09411051  0.08583250  0.00000000  0.12537446  0.15677851  0.14291502  0.13192958  0.18480224  0.18475580  0.26481402  0.26273986  0.25720705  0.21780009  0.21420780  
NC_015536.1_Aspidoparia_morar 0.13046385  0.13864312  0.10369562  0.10658766  0.09828994  0.10655353  0.09077866  0.12537446  0.00000000  0.10875426  0.13961520  0.12466519  0.18797597  0.18555258  0.25961189  0.26251293  0.26601644  0.21422345  0.20417626  
NC_015549.1_Salmostoma_bacaila 0.15850132  0.17775994  0.13177802  0.13972466  0.13282614  0.13267078  0.12364840  0.15677851  0.10875426  0.00000000  0.15949736  0.14357192  0.19611260  0.19968048  0.28839726  0.27583373  0.27779119  0.24078582  0.22081162  
NC_015541.1_Luciosoma_bleekeri 0.15138157  0.16509014  0.12503120  0.13291630  0.12103249  0.12967953  0.11327600  0.14291502  0.13961520  0.15949736  0.00000000  0.06215347  0.18190681  0.17573005  0.27000973  0.26512893  0.26221055  0.22734406  0.20866016  
AP011423.1_Luciosoma_setigerum 0.13544099  0.15187151  0.11257626  0.12394706  0.11397548  0.11061739  0.09652201  0.13192958  0.12466519  0.14357192  0.06215347  0.00000000  0.16162822  0.16469097  0.25212051  0.24091160  0.23966235  0.20933888  0.18953267  
KR606519.1_Danio_nigrofasciatus 0.17867744  0.19201254  0.16480756  0.17310107  0.16101502  0.16115620  0.15469100  0.18480224  0.18797597  0.19611260  0.18190681  0.16162822  0.00000000  0.03056068  0.18402272  0.15745365  0.16425107  0.20053269  0.18411246  
NC_002333.2_Danio_rerio 0.17784719  0.18491763  0.15975692  0.16644878  0.15547925  0.16023137  0.15107954  0.18475580  0.18555258  0.19968048  0.17573005  0.16469097  0.03056068  0.00000000  0.18634863  0.17156203  0.16936541  0.20808587  0.19105243  
NC_037360.1_Microdevario_kubotai 0.26433717  0.27658263  0.24186672  0.24633775  0.24361676  0.24248733  0.24556462  0.26481402  0.25961189  0.28839726  0.27000973  0.25212051  0.18402272  0.18634863  0.00000000  0.17712628  0.17386559  0.29189673  0.27532384  
NC_031630.1_Devario_devario 0.25177256  0.26045938  0.24308020  0.24763438  0.24126105  0.22751590  0.23384851  0.26273986  0.26251293  0.27583373  0.26512893  0.24091160  0.15745365  0.17156203  0.17712628  0.00000000  0.02283671  0.27355726  0.25855493  
MZ853154.1_Devario_interruptus 0.24972074  0.26117115  0.24049155  0.24683066  0.23792980  0.22502178  0.23219659  0.25720705  0.26601644  0.27779119  0.26221055  0.23966235  0.16425107  0.16936541  0.17386559  0.02283671  0.00000000  0.27285872  0.25677045  
NC_043864.1_Amblypharyngodon_mola 0.21592184  0.21698438  0.20345154  0.20920548  0.20518893  0.20226687  0.19841782  0.21780009  0.21422345  0.24078582  0.22734406  0.20933888  0.20053269  0.20808587  0.29189673  0.27355726  0.27285872  0.00000000  0.11040677  
MK955877.1_Rasbora_tornieri 0.20875717  0.21821144  0.18529976  0.19838026  0.18443227  0.18895909  0.17640470  0.21420780  0.20417626  0.22081162  0.20866016  0.18953267  0.18411246  0.19105243  0.27532384  0.25855493  0.25677045  0.11040677  0.00000000  

19
MZ853157.1_Opsarius_pulchellus 0.00000000  0.12431366  0.09770277  0.10220470  0.08406344  0.09374119  0.07979447  0.11575206  0.12661222  0.15738023  0.15496630  0.13809186  0.17171709  0.17841285  0.26722447  0.23974443  0.24329326  0.22781205  0.20090235  
NC_031575.1_Opsaridium_ubangienser 0.12431366  0.00000000  0.09217891  0.11217794  0.09738609  0.10769141  0.09630919  0.12782230  0.15610102  0.18205296  0.16929881  0.15782364  0.18738474  0.18930913  0.27771825  0.25371261  0.25761025  0.23032559  0.21897876  
AP012118.1_Raiamas_buchholzi 0.09770277  0.09217891  0.00000000  0.08122913  0.06176346  0.07116351  0.05918113  0.09679688  0.11985195  0.14352496  0.13611120  0.12022325  0.16094745  0.16324374  0.24836897  0.24057427  0.24131023  0.22266414  0.19064833  
APO10780.1_Raiamas_senegalensis 0.10220470  0.11217794  0.08122913  0.00000000  0.06234869  0.07497131  0.06470280  0.09912590  0.11493564  0.14622852  0.14002056  0.12405096  0.17097038  0.16959564  0.25703721  0.24143576  0.24211904  0.21782751  0.19630411  
AP011222.1_Raiamas_guttatus 0.08406344  0.09738609  0.06176346  0.06234869  0.00000000  0.05651859  0.04433075  0.09089960  0.11018282  0.14038807  0.12672277  0.11643871  0.15261447  0.15807648  0.23874003  0.23032985  0.23455150  0.22391799  0.18733340  
AP012113.1_Raiamas_steindachneri 0.09374119  0.10769141  0.07116351  0.07497131  0.05651859  0.00000000  0.05833171  0.09840303  0.11457346  0.13621540  0.13373586  0.11363701  0.16657819  0.16591426  0.24664104  0.23426172  0.23114501  0.21760483  0.19298210  
NC_046023.1_Barilius_malabaricus 0.07979447  0.09630919  0.05918113  0.06470280  0.04433075  0.05833171  0.00000000  0.09210038  0.10506311  0.13018943  0.12749868  0.10626522  0.14680341  0.14747337  0.24709167  0.22589089  0.22786611  0.22079357  0.18144013  
NC_015533.1_Barilius_bendelisis 0.11575206  0.12782230  0.09679688  0.09912590  0.09089960  0.09840303  0.09210038  0.00000000  0.13353839  0.16332093  0.15428633  0.13718167  0.18341897  0.18269008  0.27292226  0.25624432  0.25051252  0.23502432  0.21227939  
NC_015536.1_Aspidoparia_morar 0.12661222  0.15610102  0.11985195  0.11493564  0.11018282  0.11457346  0.10506311  0.13353839  0.00000000  0.11121207  0.14655128  0.13079878  0.17857373  0.17751960  0.27055955  0.24471772  0.25038971  0.22626159  0.20255518  
NC_015549.1_Salmostoma_bacaila 0.15738023  0.18205296  0.14352496  0.14622852  0.14038807  0.13621540  0.13018943  0.16332093  0.11121207  0.00000000  0.16450961  0.14433318  0.19576952  0.19554735  0.28498873  0.26161365  0.26258143  0.25270415  0.22253748  
NC_015541.1_Luciosoma_bleekeri 0.15496630  0.16929881  0.13611120  0.14002056  0.12672277  0.13373586  0.12749868  0.15428633  0.14655128  0.16450961  0.00000000  0.06951501  0.18750667  0.18797425  0.28714874  0.26161292  0.26169059  0.24441434  0.20641510  
AP011423.1_Luciosoma_setigerum 0.13809186  0.15782364  0.12022325  0.12405096  0.11643871  0.11363701  0.10626522  0.13718167  0.13079878  0.14433318  0.06951501  0.00000000  0.16928433  0.16943061  0.26334337  0.24054263  0.23617811  0.22129829  0.18399114  
KR606519.1_Danio_nigrofasciatus 0.17171709  0.18738474  0.16094745  0.17097038  0.15261447  0.16657819  0.14680341  0.18341897  0.17857373  0.19576952  0.18750667  0.16928433  0.00000000  0.02671701  0.18304638  0.16391148  0.17694162  0.21216236  0.18648999  
NC_002333.2_Danio_rerio 0.17841285  0.18930913  0.16324374  0.16959564  0.15807648  0.16591426  0.14747337  0.18269008  0.17751960  0.19554735  0.18797425  0.16943061  0.02671701  0.00000000  0.19223802  0.17193441  0.17887254  0.21740286  0.19277307  
NC_037360.1_Microdevario_kubotai 0.26722447  0.27771825  0.24836897  0.25703721  0.23874003  0.24664104  0.24709167  0.27292226  0.27055955  0.28498873  0.28714874  0.26334337  0.18304638  0.19223802  0.00000000  0.19069857  0.20123525  0.29839476  0.27456947  
NC_031630.1_Devario_devario 0.23974443  0.25371261  0.24057427  0.24143576  0.23032985  0.23426172  0.22589089  0.25624432  0.24471772  0.26161365  0.26161292  0.24054263  0.16391148  0.17193441  0.19069857  0.00000000  0.02738083  0.28250896  0.24992257  
MZ853154.1_Devario_interruptus 0.24329326  0.25761025  0.24131023  0.24211904  0.23455150  0.23114501  0.22786611  0.25051252  0.25038971  0.26258143  0.26169059  0.23617811  0.17694162  0.17887254  0.20123525  0.02738083  0.00000000  0.28156836  0.24794015  
NC_043864.1_Amblypharyngodon_mola 0.22781205  0.23032559  0.22266414  0.21782751  0.22391799  0.21760483  0.22079357  0.23502432  0.22626159  0.25270415  0.24441434  0.22129829  0.21216236  0.21740286  0.29839476  0.28250896  0.28156836  0.00000000  0.12929283  
MK955877.1_Rasbora_tornieri 0.20090235  0.21897876  0.19064833  0.19630411  0.18733340  0.19298210  0.18144013  0.21227939  0.20255518  0.22253748  0.20641510  0.18399114  0.18648999  0.19277307  0.27456947  0.24992257  0.24794015  0.12929283  0.00000000  

19
MZ853157.1_Opsarius_pulchellus 0.00000000  0.12699938  0.10000562  0.10269982  0.08584859  0.09522630  0.08018800  0.10606194  0.12674476  0.14120498  0.15995838  0.14897395  0.16262498  0.16701587  0.25522079  0.23619526  0.23964206  0.20344759  0.18794903  
NC_031575.1_Opsaridium_ubangienser 0.12699938  0.00000000  0.08710046  0.10573513  0.09642120  0.10070854  0.09157287  0.12339429  0.13546818  0.15796776  0.16998623  0.15603554  0.18108910  0.18276323  0.26668428  0.25287430  0.25658107  0.19850726  0.19253214  
AP012118.1_Raiamas_buchholzi 0.10000562  0.08710046  0.00000000  0.07446567  0.05912158  0.06212241  0.05241581  0.08777886  0.10941381  0.12630575  0.13711606  0.12496810  0.14795404  0.14593722  0.22974017  0.22777032  0.22951897  0.18966563  0.17692444  
APO10780.1_Raiamas_senegalensis 0.10269982  0.10573513  0.07446567  0.00000000  0.07097491  0.07463794  0.06609511  0.10203914  0.11750260  0.13696990  0.15240452  0.13707252  0.16577491  0.16600677  0.24189267  0.23153455  0.23724681  0.19781976  0.18742277  
AP011222.1_Raiamas_guttatus 0.08584859  0.09642120  0.05912158  0.07097491  0.00000000  0.06038597  0.04471844  0.08389360  0.10024162  0.12169790  0.13293131  0.12348008  0.13934602  0.14089653  0.22331988  0.21771522  0.21840432  0.18888959  0.16625408  
AP012113.1_Raiamas_steindachneri 0.09522630  0.10070854  0.06212241  0.07463794  0.06038597  0.00000000  0.04944846  0.08870968  0.10720958  0.12301598  0.13613921  0.12439928  0.15098458  0.14908257  0.22525473  0.21300222  0.21218542  0.19022443  0.17593014  
NC_046023.1_Barilius_malabaricus 0.08018800  0.09157287  0.05241581  0.06609511  0.04471844  0.04944846  0.00000000  0.07509469  0.09192867  0.10721001  0.13009352  0.11134546  0.13820012  0.14115023  0.22330318  0.21188760  0.21224229  0.18460988  0.16329191  
NC_015533.1_Barilius_bendelisis 0.10606194  0.12339429  0.08777886  0.10203914  0.08389360  0.08870968  0.07509469  0.00000000  0.12515680  0.14224858  0.15385557  0.14317106  0.17148250  0.17477162  0.25661348  0.24846755  0.24623146  0.20609466  0.19549091  
NC_015536.1_Aspidoparia_morar 0.12674476  0.13546818  0.10941381  0.11750260  0.10024162  0.10720958  0.09192867  0.12515680  0.00000000  0.09654833  0.15019923  0.14002673  0.16778840  0.17251455  0.24814937  0.23778530  0.24667551  0.19755895  0.19501565  
NC_015549.1_Salmostoma_bacaila 0.14120498  0.15796776  0.12630575  0.13696990  0.12169790  0.12301598  0.10721001  0.14224858  0.09654833  0.00000000  0.16363432  0.14930182  0.17844956  0.18672014  0.26650871  0.25267808  0.25576380  0.21515455  0.19652780  
NC_015541.1_Luciosoma_bleekeri 0.15995838  0.16998623  0.13711606  0.15240452  0.13293131  0.13613921  0.13009352  0.15385557  0.15019923  0.16363432  0.00000000  0.07719525  0.17934401  0.17720220  0.26690549  0.24900319  0.24803926  0.21800250  0.20845664  
AP011423.1_Luciosoma_setigerum 0.14897395  0.15603554  0.12496810  0.13707252  0.12348008  0.12439928  0.11134546  0.14317106  0.14002673  0.14930182  0.07719525  0.00000000  0.15580636  0.15918724  0.24483067  0.23012477  0.22814346  0.20091808  0.18885501  
KR606519.1_Danio_nigrofasciatus 0.16262498  0.18108910  0.14795404  0.16577491  0.13934602  0.15098458  0.13820012  0.17148250  0.16778840  0.17844956  0.17934401  0.15580636  0.00000000  0.02719305  0.18490313  0.16197812  0.17040371  0.17875378  0.16710643  
NC_002333.2_Danio_rerio 0.16701587  0.18276323  0.14593722  0.16600677  0.14089653  0.14908257  0.14115023  0.17477162  0.17251455  0.18672014  0.17720220  0.15918724  0.02719305  0.00000000  0.18589721  0.17118456  0.17466356  0.18565696  0.17185340  
NC_037360.1_Microdevario_kubotai 0.25522079  0.26668428  0.22974017  0.24189267  0.22331988  0.22525473  0.22330318  0.25661348  0.24814937  0.26650871  0.26690549  0.24483067  0.18490313  0.18589721  0.00000000  0.17428895  0.17672119  0.26896576  0.24784303  
NC_031630.1_Devario_devario 0.23619526  0.25287430  0.22777032  0.23153455  0.21771522  0.21300222  0.21188760  0.24846755  0.23778530  0.25267808  0.24900319  0.23012477  0.16197812  0.17118456  0.17428895  0.00000000  0.02619256  0.26214183  0.23186305  
MZ853154.1_Devario_interruptus 0.23964206  0.25658107  0.22951897  0.23724681  0.21840432  0.21218542  0.21224229  0.24623146  0.24667551  0.25576380  0.24803926  0.22814346  0.17040371  0.17466356  0.17672119  0.02619256  0.00000000  0.26120919  0.23130637  
NC_043864.1_Amblypharyngodon_mola 0.20344759  0.19850726  0.18966563  0.19781976  0.18888959  0.19022443  0.18460988  0.20609466  0.19755895  0.21515455  0.21800250  0.20091808  0.17875378  0.18565696  0.26896576  0.26214183  0.26120919  0.00000000  0.10751418  
MK955877.1_Rasbora_tornieri 0.18794903  0.19253214  0.17692444  0.18742277  0.16625408  0.17593014  0.16329191  0.19549091  0.19501565  0.19652780  0.20845664  0.18885501  0.16710643  0.17185340  0.24784303  0.23186305  0.23130637  0.10751418  0.00000000  

19
MZ853157.1_Opsarius_pulchellus 0.00000000  0.11344815  0.08461684  0.09352227  0.07764316  0.08126766  0.07010304  0.09819915  0.11278617  0.13032891  0.15010266  0.13039154  0.15128504  0.15850691  0.24596137  0.22440452  0.23012161  0.20034320  0.17920990  
NC_031575.1_Opsaridium_ubangienser 0.11344815  0.00000000  0.08043200  0.09588643  0.09600844  0.09451797  0.09033571  0.11215723  0.13110867  0.15528863  0.14861284  0.13628201  0.17304495  0.17646814  0.26447042  0.23590568  0.24261920  0.21500892  0.19658414  
AP012118.1_Raiamas_buchholzi 0.08461684  0.08043200  0.00000000  0.07318351  0.05952903  0.06088922  0.04585337  0.08823351  0.10595830  0.11923849  0.12631688  0.11098856  0.14748128  0.14653141  0.23351611  0.21735979  0.22177694  0.19432476  0.16808272  
APO10780.1_Raiamas_senegalensis 0.09352227  0.09588643  0.07318351  0.00000000  0.07352254  0.07317341  0.06548585  0.10155358  0.10896423  0.12770266  0.13782116  0.11592057  0.15747443  0.16211781  0.24737673  0.22761396  0.23421973  0.19903787  0.17993989  
AP011222.1_Raiamas_guttatus 0.07764316  0.09600844  0.05952903  0.07352254  0.00000000  0.05932960  0.04670231  0.08801573  0.10625224  0.12464431  0.13638812  0.11648846  0.14371886  0.14763855  0.23270004  0.21332569  0.21807062  0.19475251  0.16220596  
AP012113.1_Raiamas_steindachneri 0.08126766  0.09451797  0.06088922  0.07317341  0.05932960  0.00000000  0.05484849  0.09641086  0.10722311  0.12312255  0.13286075  0.10790674  0.14932831  0.14765489  0.23175252  0.20569429  0.20505508  0.19078800  0.16826289  
NC_046023.1_Barilius_malabaricus 0.07010304  0.09033571  0.04585337  0.06548585  0.04670231  0.05484849  0.00000000  0.07958205  0.09540748  0.10820884  0.12303471  0.09420168  0.13732560  0.13902325  0.23138330  0.20739365  0.20834868  0.19053046  0.15910135  
NC_015533.1_Barilius_bendelisis 0.09819915  0.11215723  0.08823351  0.10155358  0.08801573  0.09641086  0.07958205  0.00000000  0.12276497  0.14218875  0.14415527  0.12720395  0.16525630  0.17072387  0.25073882  0.23800986  0.24119215  0.21566889  0.19492661  
NC_015536.1_Aspidoparia_morar 0.11278617  0.13110867  0.10595830  0.10896423  0.10625224  0.10722311  0.09540748  0.12276497  0.00000000  0.09564125  0.13605146  0.11982953  0.15952914  0.16456139  0.24615742  0.22263471  0.23262824  0.20323504  0.18551944  
NC_015549.1_Salmostoma_bacaila 0.13032891  0.15528863  0.11923849  0.12770266  0.12464431  0.12312255  0.10820884  0.14218875  0.09564125  0.00000000  0.15163568  0.12979161  0.16983639  0.17745457  0.26409900  0.23229414  0.23823142  0.22966399  0.19270565  
NC_015541.1_Luciosoma_bleekeri 0.15010266  0.14861284  0.12631688  0.13782116  0.13638812  0.13286075  0.12303471  0.14415527  0.13605146  0.15163568  0.00000000  0.06555721  0.17576954  0.17734954  0.26393954  0.23169919  0.23512044  0.21610830  0.19315692  
AP011423.1_Luciosoma_setigerum 0.13039154  0.13628201  0.11098856  0.11592057  0.11648846  0.10790674  0.09420168  0.12720395  0.11982953  0.12979161  0.06555721  0.00000000  0.14721832  0.15410165  0.24629802  0.21507453  0.21499099  0.18713453  0.16603145  
KR606519.1_Danio_nigrofasciatus 0.15128504  0.17304495  0.14748128  0.15747443  0.14371886  0.14932831  0.13732560  0.16525630  0.15952914  0.16983639  0.17576954  0.14721832  0.00000000  0.02556509  0.17895057  0.15003777  0.15933737  0.17163896  0.15309203  
NC_002333.2_Danio_rerio 0.15850691  0.17646814  0.14653141  0.16211781  0.14763855  0.14765489  0.13902325  0.17072387  0.16456139  0.17745457  0.17734954  0.15410165  0.02556509  0.00000000  0.18613749  0.15687754  0.16179093  0.17908411  0.16467509  
NC_037360.1_Microdevario_kubotai 0.24596137  0.26447042  0.23351611  0.24737673  0.23270004  0.23175252  0.23138330  0.25073882  0.24615742  0.26409900  0.26393954  0.24629802  0.17895057  0.18613749  0.00000000  0.17951249  0.17895349  0.26442872  0.24514420  
NC_031630.1_Devario_devario 0.22440452  0.23590568  0.21735979  0.22761396  0.21332569  0.20569429  0.20739365  0.23800986  0.22263471  0.23229414  0.23169919  0.21507453  0.15003777  0.15687754  0.17951249  0.00000000  0.02177769  0.24324221  0.21966859  
MZ853154.1_Devario_interruptus 0.23012161  0.24261920  0.22177694  0.23421973  0.21807062  0.20505508  0.20834868  0.24119215  0.23262824  0.23823142  0.23512044  0.21499099  0.15933737  0.16179093  0.17895349  0.02177769  0.00000000  0.24513066  0.22098057  
NC_043864.1_Amblypharyngodon_mola 0.20034320  0.21500892  0.19432476  0.19903787  0.19475251  0.19078800  0.19053046  0.21566889  0.20323504  0.22966399  0.21610830  0.18713453  0.17163896  0.17908411  0.26442872  0.24324221  0.24513066  0.00000000  0.10445363  
MK955877.1_Rasbora_tornieri 0.17920990  0.19658414  0.16808272  0.17993989  0.16220596  0.16826289  0.15910135  0.19492661  0.18551944  0.19270565  0.19315692  0.16603145  0.15309203  0.16467509  0.24514420  0.21966859  0.22098057  0.10445363  0.00000000  

19
MZ853157.1_Opsarius_pulchellus 0.00000000  0.13208757  0.09157106  0.10668019  0.08157610  0.09413549  0.07791286  0.10983902  0.13763842  0.16247400  0.15793210  0.13076087  0.17571082  0.17405166  0.25751229  0.24302007  0.24778118  0.22144995  0.19651097  
NC_031575.1_Opsaridium_ubangienser 0.13208757  0.00000000  0.09032233  0.11952327  0.10937667  0.10765667  0.10310707  0.12576102  0.15432247  0.18423449  0.16776097  0.14944163  0.19976243  0.19677405  0.27971251  0.26567993  0.26833548  0.22070584  0.20467444  
AP012118.1_Raiamas_buchholzi 0.09157106  0.09032233  0.00000000  0.07723504  0.05982670  0.06335124  0.05291704  0.09418627  0.11769989  0.14460961  0.13187304  0.10699346  0.16066499  0.15900187  0.24062822  0.23935304  0.23789838  0.20538865  0.17603169  
APO10780.1_Raiamas_senegalensis 0.10668019  0.11952327  0.07723504  0.00000000  0.07398364  0.07356930  0.07148678  0.10575676  0.13358461  0.15382649  0.14840042  0.12299756  0.17915846  0.17275163  0.25233278  0.24801748  0.24740683  0.20958653  0.19786123  
AP011222.1_Raiamas_guttatus 0.08157610  0.10937667  0.05982670  0.07398364  0.00000000  0.06108607  0.04947061  0.09565875  0.11745347  0.14266353  0.13868553  0.11507881  0.16354467  0.16437558  0.23594571  0.23158063  0.23209434  0.21281031  0.17544716  
AP012113.1_Raiamas_steindachneri 0.09413549  0.10765667  0.06335124  0.07356930  0.06108607  0.00000000  0.05870664  0.09902726  0.12452438  0.14640377  0.13521548  0.11546360  0.17634022  0.17335843  0.24723342  0.23542864  0.23442122  0.21242701  0.18746861  
NC_046023.1_Barilius_malabaricus 0.07791286  0.10310707  0.05291704  0.07148678  0.04947061  0.05870664  0.00000000  0.08807106  0.10694087  0.13454644  0.12618932  0.09563941  0.15379032  0.15234107  0.23341809  0.23000046  0.22575549  0.20628906  0.17268561  
NC_015533.1_Barilius_bendelisis 0.10983902  0.12576102  0.09418627  0.10575676  0.09565875  0.09902726  0.08807106  0.00000000  0.14071101  0.17280430  0.15064373  0.13654816  0.19230215  0.18646598  0.26682090  0.25417856  0.25643710  0.22081828  0.20311416  
NC_015536.1_Aspidoparia_morar 0.13763842  0.15432247  0.11769989  0.13358461  0.11745347  0.12452438  0.10694087  0.14071101  0.00000000  0.11520767  0.15040797  0.13581203  0.20301917  0.19610312  0.27223887  0.26672434  0.26678341  0.22409404  0.20993959  
NC_015549.1_Salmostoma_bacaila 0.16247400  0.18423449  0.14460961  0.15382649  0.14266353  0.14640377  0.13454644  0.17280430  0.11520767  0.00000000  0.16797423  0.14238523  0.20890304  0.21072106  0.29219918  0.27422106  0.27321550  0.24120872  0.20955945  
NC_015541.1_Luciosoma_bleekeri 0.15793210  0.16776097  0.13187304  0.14840042  0.13868553  0.13521548  0.12618932  0.15064373  0.15040797  0.16797423  0.00000000  0.07109046  0.19908697  0.19315434  0.28267993  0.26695858  0.26265669  0.23945093  0.20887444  
AP011423.1_Luciosoma_setigerum 0.13076087  0.14944163  0.10699346  0.12299756  0.11507881  0.11546360  0.09563941  0.13654816  0.13581203  0.14238523  0.07109046  0.00000000  0.16273249  0.16116946  0.25476019  0.24630049  0.23766944  0.21035365  0.18052188  
KR606519.1_Danio_nigrofasciatus 0.17571082  0.19976243  0.16066499  0.17915846  0.16354467  0.17634022  0.15379032  0.19230215  0.20301917  0.20890304  0.19908697  0.16273249  0.00000000  0.02722951  0.18516530  0.16037544  0.17331046  0.20957607  0.18014263  
NC_002333.2_Danio_rerio 0.17405166  0.19677405  0.15900187  0.17275163  0.16437558  0.17335843  0.15234107  0.18646598  0.19610312  0.21072106  0.19315434  0.16116946  0.02722951  0.00000000  0.18837291  0.17185645  0.17760731  0.21571322  0.18347077  
NC_037360.1_Microdevario_kubotai 0.25751229  0.27971251  0.24062822  0.25233278  0.23594571  0.24723342  0.23341809  0.26682090  0.27223887  0.29219918  0.28267993  0.25476019  0.18516530  0.18837291  0.00000000  0.17396776  0.17714383  0.29375000  0.26184881  
NC_031630.1_Devario_devario 0.24302007  0.26567993  0.23935304  0.24801748  0.23158063  0.23542864  0.23000046  0.25417856  0.26672434  0.27422106  0.26695858  0.24630049  0.16037544  0.17185645  0.17396776  0.00000000  0.02236058  0.28086795  0.24487854  
MZ853154.1_Devario_interruptus 0.24778118  0.26833548  0.23789838  0.24740683  0.23209434  0.23442122  0.22575549  0.25643710  0.26678341  0.27321550  0.26265669  0.23766944  0.17331046  0.17760731  0.17714383  0.02236058  0.00000000  0.28176521  0.24401587  
NC_043864.1_Amblypharyngodon_mola 0.22144995  0.22070584  0.20538865  0.20958653  0.21281031  0.21242701  0.20628906  0.22081828  0.22409404  0.24120872  0.23945093  0.21035365  0.20957607  0.21571322  0.29375000  0.28086795  0.28176521  0.00000000  0.12334742  
