19
MZ853157.1_Opsarius_pulchellus     0.00000000    0.17529148    0.12953008    0.16146900    0.12208628    0.13482956    0.11386740    0.15149601    0.20237841    0.24978421    0.24916662    0.23307997    0.27914035    0.28147396    0.36127043    0.35476541    0.35860130    0.34718746    0.32419921
NC_031575.1_Opsaridium_ubangienser     0.17529148    0.00000000    0.11843875    0.16433955    0.13092082    0.14040992    0.12523815    0.16679923    0.21636344    0.26739818    0.26272239    0.23885882    0.30220573    0.30175404    0.38066803    0.37588009    0.37956128    0.34985317    0.34181084
AP012118.1_Raiamas_buchholzi     0.12953008    0.11843875    0.00000000    0.11755316    0.07581968    0.08699064    0.06863919    0.12424369    0.17102272    0.22486543    0.21864972    0.19413999    0.25862557    0.25710834    0.33330441    0.34422926    0.34449020    0.33002378    0.30304564
APO10780.1_Raiamas_senegalensis     0.16146900    0.16433955    0.11755316    0.00000000    0.10736363    0.11411454    0.10302851    0.15321283    0.19534883    0.24353185    0.23743320    0.21631268    0.28283315    0.28104638    0.34877817    0.36000337    0.36234526    0.33334984    0.32053128
AP011222.1_Raiamas_guttatus     0.12208628    0.13092082    0.07581968    0.10736363    0.00000000    0.07684671    0.05575178    0.11765436    0.16574193    0.21729581    0.21684160    0.19247766    0.25303975    0.25351812    0.33020385    0.33608439    0.33761724    0.32476356    0.29871896
AP012113.1_Raiamas_steindachneri     0.13482956    0.14040992    0.08699064    0.11411454    0.07684671    0.00000000    0.07430416    0.13015277    0.17290393    0.22145959    0.22247325    0.19958757    0.26588474    0.26390562    0.33364482    0.33287523    0.33566395    0.32484467    0.30707392
NC_046023.1_Barilius_malabaricus     0.11386740    0.12523815    0.06863919    0.10302851    0.05575178    0.07430416    0.00000000    0.10810256    0.15877881    0.20814531    0.20903818    0.17926738    0.24944625    0.24876798    0.32850382    0.32913355    0.32903424    0.32283209    0.29147490
NC_015533.1_Barilius_bendelisis     0.15149601    0.16679923    0.12424369    0.15321283    0.11765436    0.13015277    0.10810256    0.00000000    0.19848831    0.24742648    0.24021041    0.21740466    0.29438765    0.29331284    0.36747583    0.36506226    0.36494341    0.35219656    0.33287512
NC_015536.1_Aspidoparia_morar     0.20237841    0.21636344    0.17102272    0.19534883    0.16574193    0.17290393    0.15877881    0.19848831    0.00000000    0.17268652    0.24390262    0.22076629    0.29930782    0.29850758    0.37366220    0.36994961    0.37318952    0.34643528    0.33215538
NC_015549.1_Salmostoma_bacaila     0.24978421    0.26739818    0.22486543    0.24353185    0.21729581    0.22145959    0.20814531    0.24742648    0.17268652    0.00000000    0.27603011    0.25088577    0.32176454    0.32403604    0.40172144    0.39283831    0.39175864    0.38200474    0.35529556
NC_015541.1_Luciosoma_bleekeri     0.24916662    0.26272239    0.21864972    0.23743320    0.21684160    0.22247325    0.20903818    0.24021041    0.24390262    0.27603011    0.00000000    0.12412029    0.31566736    0.31328799    0.40182072    0.39449738    0.39679611    0.37304863    0.34195777
AP011423.1_Luciosoma_setigerum     0.23307997    0.23885882    0.19413999    0.21631268    0.19247766    0.19958757    0.17926738    0.21740466    0.22076629    0.25088577    0.12412029    0.00000000    0.29333176    0.29362426    0.37609379    0.37308769    0.36950746    0.35517574    0.32461261
KR606519.1_Danio_nigrofasciatus     0.27914035    0.30220573    0.25862557    0.28283315    0.25303975    0.26588474    0.24944625    0.29438765    0.29930782    0.32176454    0.31566736    0.29333176    0.00000000    0.02247272    0.23234904    0.22464301    0.22978432    0.33024870    0.30869474
NC_002333.2_Danio_rerio     0.28147396    0.30175404    0.25710834    0.28104638    0.25351812    0.26390562    0.24876798    0.29331284    0.29850758    0.32403604    0.31328799    0.29362426    0.02247272    0.00000000    0.23667304    0.23043411    0.23035102    0.33466911    0.31432946
NC_037360.1_Microdevario_kubotai     0.36127043    0.38066803    0.33330441    0.34877817    0.33020385    0.33364482    0.32850382    0.36747583    0.37366220    0.40172144    0.40182072    0.37609379    0.23234904    0.23667304    0.00000000    0.22328145    0.22823980    0.41129423    0.38860078
NC_031630.1_Devario_devario     0.35476541    0.37588009    0.34422926    0.36000337    0.33608439    0.33287523    0.32913355    0.36506226    0.36994961    0.39283831    0.39449738    0.37308769    0.22464301    0.23043411    0.22328145    0.00000000    0.02946911    0.40459623    0.37129642
MZ853154.1_Devario_interruptus     0.35860130    0.37956128    0.34449020    0.36234526    0.33761724    0.33566395    0.32903424    0.36494341    0.37318952    0.39175864    0.39679611    0.36950746    0.22978432    0.23035102    0.22823980    0.02946911    0.00000000    0.40390166    0.37362835
NC_043864.1_Amblypharyngodon_mola     0.34718746    0.34985317    0.33002378    0.33334984    0.32476356    0.32484467    0.32283209    0.35219656    0.34643528    0.38200474    0.37304863    0.35517574    0.33024870    0.33466911    0.41129423    0.40459623    0.40390166    0.00000000    0.15007968
MK955877.1_Rasbora_tornieri     0.32419921    0.34181084    0.30304564    0.32053128    0.29871896    0.30707392    0.29147490    0.33287512    0.33215538    0.35529556    0.34195777    0.32461261    0.30869474    0.31432946    0.38860078    0.37129642    0.37362835    0.15007968    0.00000000

19
MZ853157.1_Opsarius_pulchellus 0.00000000  0.12305683  0.08964124  0.09782398  0.08080421  0.09517181  0.06729529  0.10609971  0.12533159  0.13970958  0.15545273  0.14092506  0.16916279  0.17805796  0.26105293  0.24531386  0.24732442  0.21269357  0.18643442  
NC_031575.1_Opsaridium_ubangienser 0.12305683  0.00000000  0.08872370  0.11508501  0.10296089  0.10432598  0.10164123  0.13273326  0.14142431  0.16381034  0.16983441  0.15506311  0.19478664  0.20064457  0.27863499  0.27380021  0.27294474  0.22078786  0.20545916  
AP012118.1_Raiamas_buchholzi 0.08964124  0.08872370  0.00000000  0.07953096  0.05980842  0.06800629  0.05309891  0.09952171  0.11148237  0.12261683  0.13284241  0.12090841  0.15982169  0.16210431  0.23973080  0.23986868  0.23850677  0.20048159  0.17349040  
APO10780.1_Raiamas_senegalensis 0.09782398  0.11508501  0.07953096  0.00000000  0.07387306  0.07644073  0.06462670  0.10850728  0.12204490  0.13341094  0.14976227  0.13351185  0.18205325  0.18566546  0.25779526  0.25134140  0.25169431  0.20750668  0.18883906  
AP011222.1_Raiamas_guttatus 0.08080421  0.10296089  0.05980842  0.07387306  0.00000000  0.06498782  0.04415321  0.09471598  0.10870141  0.11849822  0.13007020  0.11784844  0.15769711  0.16230025  0.24365964  0.23577760  0.23620328  0.19796014  0.16789948  
AP012113.1_Raiamas_steindachneri 0.09517181  0.10432598  0.06800629  0.07644073  0.06498782  0.00000000  0.06114105  0.10191724  0.11047825  0.12584492  0.14354263  0.12295771  0.16397318  0.16679604  0.23953577  0.22892864  0.23017038  0.20297182  0.17454955  
NC_046023.1_Barilius_malabaricus 0.06729529  0.10164123  0.05309891  0.06462670  0.04415321  0.06114105  0.00000000  0.08696196  0.09676403  0.10815871  0.12493632  0.10079373  0.15315040  0.15874961  0.23414374  0.22781546  0.22892801  0.20108642  0.16889851  
NC_015533.1_Barilius_bendelisis 0.10609971  0.13273326  0.09952171  0.10850728  0.09471598  0.10191724  0.08696196  0.00000000  0.13202812  0.14696334  0.16117531  0.14781234  0.18145006  0.18502723  0.27469034  0.26437153  0.26066241  0.21844967  0.19709862  
NC_015536.1_Aspidoparia_morar 0.12533159  0.14142431  0.11148237  0.12204490  0.10870141  0.11047825  0.09676403  0.13202812  0.00000000  0.10797129  0.14884767  0.13358936  0.17058106  0.17230380  0.25908699  0.24979613  0.25361652  0.20215844  0.18415883  
NC_015549.1_Salmostoma_bacaila 0.13970958  0.16381034  0.12261683  0.13341094  0.11849822  0.12584492  0.10815871  0.14696334  0.10797129  0.00000000  0.16036480  0.14080519  0.18239782  0.18809278  0.28278871  0.25120202  0.25448283  0.22544433  0.19165980  
NC_015541.1_Luciosoma_bleekeri 0.15545273  0.16983441  0.13284241  0.14976227  0.13007020  0.14354263  0.12493632  0.16117531  0.14884767  0.16036480  0.00000000  0.07034084  0.18352841  0.18437570  0.27710810  0.26283226  0.26922150  0.22725337  0.19198815  
AP011423.1_Luciosoma_setigerum 0.14092506  0.15506311  0.12090841  0.13351185  0.11784844  0.12295771  0.10079373  0.14781234  0.13358936  0.14080519  0.07034084  0.00000000  0.16183151  0.16811023  0.26118578  0.24303686  0.24384414  0.20527213  0.17047544  
KR606519.1_Danio_nigrofasciatus 0.16916279  0.19478664  0.15982169  0.18205325  0.15769711  0.16397318  0.15315040  0.18145006  0.17058106  0.18239782  0.18352841  0.16183151  0.00000000  0.02463768  0.19806688  0.17238505  0.17545511  0.19151718  0.17114419  
NC_002333.2_Danio_rerio 0.17805796  0.20064457  0.16210431  0.18566546  0.16230025  0.16679604  0.15874961  0.18502723  0.17230380  0.18809278  0.18437570  0.16811023  0.02463768  0.00000000  0.20444271  0.17862108  0.18079539  0.19902768  0.18049624  
NC_037360.1_Microdevario_kubotai 0.26105293  0.27863499  0.23973080  0.25779526  0.24365964  0.23953577  0.23414374  0.27469034  0.25908699  0.28278871  0.27710810  0.26118578  0.19806688  0.20444271  0.00000000  0.18450519  0.18601036  0.29382875  0.26031165  
NC_031630.1_Devario_devario 0.24531386  0.27380021  0.23986868  0.25134140  0.23577760  0.22892864  0.22781546  0.26437153  0.24979613  0.25120202  0.26283226  0.24303686  0.17238505  0.17862108  0.18450519  0.00000000  0.01584019  0.26808086  0.23445015  
MZ853154.1_Devario_interruptus 0.24732442  0.27294474  0.23850677  0.25169431  0.23620328  0.23017038  0.22892801  0.26066241  0.25361652  0.25448283  0.26922150  0.24384414  0.17545511  0.18079539  0.18601036  0.01584019  0.00000000  0.26710898  0.23095105  
NC_043864.1_Amblypharyngodon_mola 0.21269357  0.22078786  0.20048159  0.20750668  0.19796014  0.20297182  0.20108642  0.21844967  0.20215844  0.22544433  0.22725337  0.20527213  0.19151718  0.19902768  0.29382875  0.26808086  0.26710898  0.00000000  0.11898842  
MK955877.1_Rasbora_tornieri 0.18643442  0.20545916  0.17349040  0.18883906  0.16789948  0.17454955  0.16889851  0.19709862  0.18415883  0.19165980  0.19198815  0.17047544  0.17114419  0.18049624  0.26031165  0.23445015  0.23095105  0.11898842  0.00000000  

19
MZ853157.1_Opsarius_pulchellus 0.00000000  0.12745126  0.09720554  0.10087261  0.07978026  0.08829146  0.07194277  0.10352315  0.12879510  0.15081778  0.15303430  0.14049375  0.15074727  0.16290609  0.25629276  0.22263646  0.22607632  0.21243220  0.18816176  
NC_031575.1_Opsaridium_ubangienser 0.12745126  0.00000000  0.10277240  0.11511669  0.10388790  0.11621846  0.10101969  0.12711659  0.15425045  0.17566418  0.17756512  0.17048277  0.18071655  0.18580764  0.27181722  0.25556300  0.25635361  0.21971783  0.21299827  
AP012118.1_Raiamas_buchholzi 0.09720554  0.10277240  0.00000000  0.07600155  0.06403622  0.07419225  0.05685889  0.09921965  0.11428997  0.13074853  0.13833984  0.12469708  0.15379599  0.15815018  0.24141333  0.23968113  0.23940221  0.20401148  0.18525069  
APO10780.1_Raiamas_senegalensis 0.10087261  0.11511669  0.07600155  0.00000000  0.07097652  0.07470971  0.06746546  0.10469240  0.11290442  0.13737722  0.14634882  0.13352662  0.15881116  0.16270866  0.24608608  0.23114824  0.23294677  0.20075996  0.18826427  
AP011222.1_Raiamas_guttatus 0.07978026  0.10388790  0.06403622  0.07097652  0.00000000  0.05564309  0.04360888  0.08734611  0.10753380  0.12887471  0.13640874  0.12843683  0.14648012  0.15024162  0.23846216  0.22423670  0.22339151  0.20498889  0.17813246  
AP012113.1_Raiamas_steindachneri 0.08829146  0.11621846  0.07419225  0.07470971  0.05564309  0.00000000  0.05732676  0.09543698  0.11156642  0.12880096  0.14643953  0.12983588  0.16134696  0.16368173  0.24209955  0.22136709  0.22414817  0.20546890  0.18326153  
NC_046023.1_Barilius_malabaricus 0.07194277  0.10101969  0.05685889  0.06746546  0.04360888  0.05732676  0.00000000  0.08584624  0.10289727  0.12104992  0.13216185  0.11449327  0.13531559  0.14316051  0.23924461  0.21891768  0.21817374  0.19827551  0.17033868  
NC_015533.1_Barilius_bendelisis 0.10352315  0.12711659  0.09921965  0.10469240  0.08734611  0.09543698  0.08584624  0.00000000  0.13746008  0.15056809  0.15303668  0.13924556  0.16183184  0.16797333  0.27148190  0.24721090  0.24698771  0.21450278  0.19385138  
NC_015536.1_Aspidoparia_morar 0.12879510  0.15425045  0.11428997  0.11290442  0.10753380  0.11156642  0.10289727  0.13746008  0.00000000  0.10605180  0.15773299  0.14239617  0.17916687  0.18324267  0.25801785  0.24419353  0.24780017  0.20517503  0.19272668  
NC_015549.1_Salmostoma_bacaila 0.15081778  0.17566418  0.13074853  0.13737722  0.12887471  0.12880096  0.12104992  0.15056809  0.10605180  0.00000000  0.16882522  0.15215493  0.18750280  0.19454829  0.27033480  0.25095052  0.25725363  0.23596718  0.20552486  
NC_015541.1_Luciosoma_bleekeri 0.15303430  0.17756512  0.13833984  0.14634882  0.13640874  0.14643953  0.13216185  0.15303668  0.15773299  0.16882522  0.00000000  0.07308168  0.17852889  0.17978749  0.28221362  0.25973844  0.25678801  0.21961690  0.20372044  
AP011423.1_Luciosoma_setigerum 0.14049375  0.17048277  0.12469708  0.13352662  0.12843683  0.12983588  0.11449327  0.13924556  0.14239617  0.15215493  0.07308168  0.00000000  0.15381569  0.15885640  0.25750498  0.23927225  0.23822855  0.20267408  0.18143711  
KR606519.1_Danio_nigrofasciatus 0.15074727  0.18071655  0.15379599  0.15881116  0.14648012  0.16134696  0.13531559  0.16183184  0.17916687  0.18750280  0.17852889  0.15381569  0.00000000  0.02719812  0.18482160  0.15534277  0.16132208  0.18256486  0.16804499  
NC_002333.2_Danio_rerio 0.16290609  0.18580764  0.15815018  0.16270866  0.15024162  0.16368173  0.14316051  0.16797333  0.18324267  0.19454829  0.17978749  0.15885640  0.02719812  0.00000000  0.19280115  0.16105942  0.16225349  0.18923387  0.17958046  
NC_037360.1_Microdevario_kubotai 0.25629276  0.27181722  0.24141333  0.24608608  0.23846216  0.24209955  0.23924461  0.27148190  0.25801785  0.27033480  0.28221362  0.25750498  0.18482160  0.19280115  0.00000000  0.18520002  0.18865333  0.27748649  0.25918546  
NC_031630.1_Devario_devario 0.22263646  0.25556300  0.23968113  0.23114824  0.22423670  0.22136709  0.21891768  0.24721090  0.24419353  0.25095052  0.25973844  0.23927225  0.15534277  0.16105942  0.18520002  0.00000000  0.01535356  0.25280155  0.22795705  
MZ853154.1_Devario_interruptus 0.22607632  0.25635361  0.23940221  0.23294677  0.22339151  0.22414817  0.21817374  0.24698771  0.24780017  0.25725363  0.25678801  0.23822855  0.16132208  0.16225349  0.18865333  0.01535356  0.00000000  0.25075425  0.22747582  
NC_043864.1_Amblypharyngodon_mola 0.21243220  0.21971783  0.20401148  0.20075996  0.20498889  0.20546890  0.19827551  0.21450278  0.20517503  0.23596718  0.21961690  0.20267408  0.18256486  0.18923387  0.27748649  0.25280155  0.25075425  0.00000000  0.11891146  
MK955877.1_Rasbora_tornieri 0.18816176  0.21299827  0.18525069  0.18826427  0.17813246  0.18326153  0.17033868  0.19385138  0.19272668  0.20552486  0.20372044  0.18143711  0.16804499  0.17958046  0.25918546  0.22795705  0.22747582  0.11891146  0.00000000  

19
MZ853157.1_Opsarius_pulchellus 0.00000000  0.12796656  0.09807727  0.09954338  0.09007678  0.09559226  0.07701784  0.10960606  0.12357949  0.14289756  0.15828303  0.12891011  0.15787233  0.15313858  0.25773109  0.22596127  0.22950208  0.21170359  0.18412855  
NC_031575.1_Opsaridium_ubangienser 0.12796656  0.00000000  0.09136873  0.11339368  0.10630167  0.10671278  0.09793485  0.12541977  0.14477769  0.16660209  0.16699946  0.14580627  0.18134313  0.17525673  0.27197039  0.25678312  0.26089182  0.22109169  0.21193413  
AP012118.1_Raiamas_buchholzi 0.09807727  0.09136873  0.00000000  0.08127437  0.06528632  0.06785561  0.05624954  0.08958129  0.10887190  0.12198000  0.13541173  0.11079723  0.14992271  0.14507770  0.24151213  0.23251436  0.22945393  0.20974116  0.18196360  
APO10780.1_Raiamas_senegalensis 0.09954338  0.11339368  0.08127437  0.00000000  0.07638423  0.07695624  0.06488502  0.10824430  0.11825175  0.13127561  0.14448682  0.12090407  0.15658203  0.15214136  0.24613915  0.23234544  0.23387284  0.21167463  0.19254632  
AP011222.1_Raiamas_guttatus 0.09007678  0.10630167  0.06528632  0.07638423  0.00000000  0.06905601  0.04535157  0.08758709  0.10558246  0.12328397  0.13660375  0.11493588  0.14516227  0.14387922  0.24098452  0.22889670  0.22595509  0.21845188  0.18312297  
AP012113.1_Raiamas_steindachneri 0.09559226  0.10671278  0.06785561  0.07695624  0.06905601  0.00000000  0.06048845  0.10075882  0.10993033  0.12431504  0.14098998  0.11491689  0.15334986  0.14810134  0.23897428  0.22201386  0.22045858  0.21285124  0.18698736  
NC_046023.1_Barilius_malabaricus 0.07701784  0.09793485  0.05624954  0.06488502  0.04535157  0.06048845  0.00000000  0.08338616  0.10192799  0.11153718  0.12985293  0.09911985  0.13563504  0.13448259  0.23963655  0.21845684  0.21924943  0.21008885  0.17338224  
NC_015533.1_Barilius_bendelisis 0.10960606  0.12541977  0.08958129  0.10824430  0.08758709  0.10075882  0.08338616  0.00000000  0.12905341  0.14897845  0.16339854  0.13836872  0.16880911  0.16427825  0.26184185  0.25340162  0.24678827  0.22847053  0.20792120  
NC_015536.1_Aspidoparia_morar 0.12357949  0.14477769  0.10887190  0.11825175  0.10558246  0.10993033  0.10192799  0.12905341  0.00000000  0.10424953  0.16178773  0.13749323  0.17955088  0.17726520  0.27481698  0.25395303  0.26515302  0.22711319  0.20546927  
NC_015549.1_Salmostoma_bacaila 0.14289756  0.16660209  0.12198000  0.13127561  0.12328397  0.12431504  0.11153718  0.14897845  0.10424953  0.00000000  0.17149817  0.14480357  0.19408044  0.19163121  0.28681541  0.26473044  0.26601906  0.25299685  0.21676975  
NC_015541.1_Luciosoma_bleekeri 0.15828303  0.16699946  0.13541173  0.14448682  0.13660375  0.14098998  0.12985293  0.16339854  0.16178773  0.17149817  0.00000000  0.06764265  0.19217665  0.18967167  0.28958818  0.27046144  0.27188404  0.24455244  0.21075495  
AP011423.1_Luciosoma_setigerum 0.12891011  0.14580627  0.11079723  0.12090407  0.11493588  0.11491689  0.09911985  0.13836872  0.13749323  0.14480357  0.06764265  0.00000000  0.15651640  0.15825982  0.25588419  0.23530040  0.23730907  0.20860370  0.18011012  
KR606519.1_Danio_nigrofasciatus 0.15787233  0.18134313  0.14992271  0.15658203  0.14516227  0.15334986  0.13563504  0.16880911  0.17955088  0.19408044  0.19217665  0.15651640  0.00000000  0.02528766  0.17260748  0.15157385  0.15532882  0.19403542  0.17427065  
NC_002333.2_Danio_rerio 0.15313858  0.17525673  0.14507770  0.15214136  0.14387922  0.14810134  0.13448259  0.16427825  0.17726520  0.19163121  0.18967167  0.15825982  0.02528766  0.00000000  0.17440796  0.15543151  0.15503125  0.19593950  0.17594970  
NC_037360.1_Microdevario_kubotai 0.25773109  0.27197039  0.24151213  0.24613915  0.24098452  0.23897428  0.23963655  0.26184185  0.27481698  0.28681541  0.28958818  0.25588419  0.17260748  0.17440796  0.00000000  0.17775456  0.17766660  0.27673912  0.26854676  
NC_031630.1_Devario_devario 0.22596127  0.25678312  0.23251436  0.23234544  0.22889670  0.22201386  0.21845684  0.25340162  0.25395303  0.26473044  0.27046144  0.23530040  0.15157385  0.15543151  0.17775456  0.00000000  0.01965784  0.27156345  0.24430156  
MZ853154.1_Devario_interruptus 0.22950208  0.26089182  0.22945393  0.23387284  0.22595509  0.22045858  0.21924943  0.24678827  0.26515302  0.26601906  0.27188404  0.23730907  0.15532882  0.15503125  0.17766660  0.01965784  0.00000000  0.26992723  0.24271811  
NC_043864.1_Amblypharyngodon_mola 0.21170359  0.22109169  0.20974116  0.21167463  0.21845188  0.21285124  0.21008885  0.22847053  0.22711319  0.25299685  0.24455244  0.20860370  0.19403542  0.19593950  0.27673912  0.27156345  0.26992723  0.00000000  0.11568854  
MK955877.1_Rasbora_tornieri 0.18412855  0.21193413  0.18196360  0.19254632  0.18312297  0.18698736  0.17338224  0.20792120  0.20546927  0.21676975  0.21075495  0.18011012  0.17427065  0.17594970  0.26854676  0.24430156  0.24271811  0.11568854  0.00000000  

19
MZ853157.1_Opsarius_pulchellus 0.00000000  0.12341343  0.09293617  0.10094314  0.07667249  0.09337462  0.07168884  0.10025377  0.13420479  0.15036749  0.14959950  0.13960227  0.16153154  0.16701921  0.24476598  0.23739362  0.24532871  0.21782971  0.19596681  
NC_031575.1_Opsaridium_ubangienser 0.12341343  0.00000000  0.09785915  0.11522048  0.09916009  0.10932504  0.09457999  0.12498076  0.14226215  0.17172087  0.16088972  0.15241286  0.18794350  0.19058638  0.26371415  0.26134183  0.26660133  0.22442803  0.21115488  
AP012118.1_Raiamas_buchholzi 0.09293617  0.09785915  0.00000000  0.07985278  0.05539822  0.06876673  0.04965655  0.08570716  0.11781591  0.13371802  0.13397346  0.11495826  0.15036783  0.15091818  0.21680354  0.23048868  0.23493125  0.20355713  0.18538754  
APO10780.1_Raiamas_senegalensis 0.10094314  0.11522048  0.07985278  0.00000000  0.06936111  0.07751102  0.06239056  0.09142442  0.11756288  0.14393783  0.14032904  0.12737176  0.16537269  0.16277091  0.24579457  0.24140176  0.24592490  0.20293622  0.19582636  
AP011222.1_Raiamas_guttatus 0.07667249  0.09916009  0.05539822  0.06936111  0.00000000  0.06033314  0.03889550  0.08325461  0.11366138  0.13287280  0.12656187  0.11637695  0.14653945  0.14854672  0.22050860  0.23175285  0.23676186  0.20952989  0.18184597  
AP012113.1_Raiamas_steindachneri 0.09337462  0.10932504  0.06876673  0.07751102  0.06033314  0.00000000  0.05301791  0.08956337  0.11306601  0.12824023  0.13350992  0.11749836  0.15920501  0.15503910  0.21900607  0.23066649  0.23084827  0.20933465  0.18965449  
NC_046023.1_Barilius_malabaricus 0.07168884  0.09457999  0.04965655  0.06239056  0.03889550  0.05301791  0.00000000  0.07730953  0.10659646  0.12033088  0.11785476  0.10096575  0.14016410  0.13909552  0.21779654  0.22712758  0.22909204  0.20447297  0.18092299  
NC_015533.1_Barilius_bendelisis 0.10025377  0.12498076  0.08570716  0.09142442  0.08325461  0.08956337  0.07730953  0.00000000  0.13247440  0.15150170  0.14531974  0.13275157  0.17550065  0.17275047  0.25511362  0.25433063  0.25345893  0.22287289  0.20853760  
NC_015536.1_Aspidoparia_morar 0.13420479  0.14226215  0.11781591  0.11756288  0.11366138  0.11306601  0.10659646  0.13247440  0.00000000  0.10595566  0.14112477  0.13636363  0.18430495  0.18199839  0.25083326  0.25487884  0.26134026  0.22499115  0.20827926  
NC_015549.1_Salmostoma_bacaila 0.15036749  0.17172087  0.13371802  0.14393783  0.13287280  0.12824023  0.12033088  0.15150170  0.10595566  0.00000000  0.15122074  0.14217887  0.18381467  0.18266245  0.26396245  0.25219730  0.25996653  0.24200970  0.21311643  
NC_015541.1_Luciosoma_bleekeri 0.14959950  0.16088972  0.13397346  0.14032904  0.12656187  0.13350992  0.11785476  0.14531974  0.14112477  0.15122074  0.00000000  0.06529980  0.17968088  0.17934750  0.26955551  0.26108942  0.26412772  0.22272952  0.20006258  
AP011423.1_Luciosoma_setigerum 0.13960227  0.15241286  0.11495826  0.12737176  0.11637695  0.11749836  0.10096575  0.13275157  0.13636363  0.14217887  0.06529980  0.00000000  0.16603729  0.16599805  0.25086082  0.24553145  0.24634151  0.21009968  0.18381654  
KR606519.1_Danio_nigrofasciatus 0.16153154  0.18794350  0.15036783  0.16537269  0.14653945  0.15920501  0.14016410  0.17550065  0.18430495  0.18381467  0.17968088  0.16603729  0.00000000  0.02368066  0.17061967  0.15044982  0.16113289  0.20034693  0.17514448  
NC_002333.2_Danio_rerio 0.16701921  0.19058638  0.15091818  0.16277091  0.14854672  0.15503910  0.13909552  0.17275047  0.18199839  0.18266245  0.17934750  0.16599805  0.02368066  0.00000000  0.17543826  0.15593651  0.15867534  0.20062449  0.17862935  
NC_037360.1_Microdevario_kubotai 0.24476598  0.26371415  0.21680354  0.24579457  0.22050860  0.21900607  0.21779654  0.25511362  0.25083326  0.26396245  0.26955551  0.25086082  0.17061967  0.17543826  0.00000000  0.17588382  0.18180765  0.28638876  0.26650232  
NC_031630.1_Devario_devario 0.23739362  0.26134183  0.23048868  0.24140176  0.23175285  0.23066649  0.22712758  0.25433063  0.25487884  0.25219730  0.26108942  0.24553145  0.15044982  0.15593651  0.17588382  0.00000000  0.02123792  0.27661258  0.24507689  
MZ853154.1_Devario_interruptus 0.24532871  0.26660133  0.23493125  0.24592490  0.23676186  0.23084827  0.22909204  0.25345893  0.26134026  0.25996653  0.26412772  0.24634151  0.16113289  0.15867534  0.18180765  0.02123792  0.00000000  0.27606907  0.24620985  
NC_043864.1_Amblypharyngodon_mola 0.21782971  0.22442803  0.20355713  0.20293622  0.20952989  0.20933465  0.20447297  0.22287289  0.22499115  0.24200970  0.22272952  0.21009968  0.20034693  0.20062449  0.28638876  0.27661258  0.27606907  0.00000000  0.10425004  
MK955877.1_Rasbora_tornieri 0.19596681  0.21115488  0.18538754  0.19582636  0.18184597  0.18965449  0.18092299  0.20853760  0.20827926  0.21311643  0.20006258  0.18381654  0.17514448  0.17862935  0.26650232  0.24507689  0.24620985  0.10425004  0.00000000  

19
MZ853157.1_Opsarius_pulchellus 0.00000000  0.13584400  0.09728701  0.11176723  0.08026050  0.09877309  0.07594475  0.11065669  0.12751034  0.14946281  0.16581431  0.14163325  0.15959943  0.16133873  0.25589387  0.23888479  0.24165739  0.22822090  0.20646213  
NC_031575.1_Opsaridium_ubangienser 0.13584400  0.00000000  0.10235052  0.12771139  0.10564289  0.11523855  0.11104359  0.13806854  0.15692347  0.17087827  0.18128598  0.16852657  0.18851749  0.19058388  0.27312568  0.26556721  0.26878604  0.23221862  0.22869363  
AP012118.1_Raiamas_buchholzi 0.09728701  0.10235052  0.00000000  0.09132713  0.06247551  0.06895227  0.05981146  0.09891450  0.12200376  0.13189568  0.14493435  0.12833506  0.15567951  0.15434324  0.23096893  0.23778177  0.23897162  0.21555971  0.19326047  
APO10780.1_Raiamas_senegalensis 0.11176723  0.12771139  0.09132713  0.00000000  0.07571206  0.08097139  0.07652116  0.11390153  0.13355882  0.14813002  0.16004709  0.14000213  0.16918881  0.16809499  0.25331672  0.25240498  0.25246745  0.22007969  0.20711820  
AP011222.1_Raiamas_guttatus 0.08026050  0.10564289  0.06247551  0.07571206  0.00000000  0.05568635  0.04250849  0.08866992  0.11320516  0.12927653  0.13665201  0.12292741  0.14543643  0.14670695  0.22856420  0.22792325  0.22857938  0.21371355  0.18404824  
AP012113.1_Raiamas_steindachneri 0.09877309  0.11523855  0.06895227  0.08097139  0.05568635  0.00000000  0.05677584  0.10010542  0.11880276  0.13062664  0.14754947  0.12448165  0.15478276  0.15231885  0.23303645  0.22636994  0.22603591  0.21625330  0.19507773  
NC_046023.1_Barilius_malabaricus 0.07594475  0.11104359  0.05981146  0.07652116  0.04250849  0.05677584  0.00000000  0.08874253  0.10523714  0.11718297  0.13606483  0.10896551  0.14095642  0.14072283  0.23225522  0.22727254  0.22608013  0.20980148  0.18295286  
NC_015533.1_Barilius_bendelisis 0.11065669  0.13806854  0.09891450  0.11390153  0.08866992  0.10010542  0.08874253  0.00000000  0.13371439  0.15346842  0.16178916  0.13734170  0.17221162  0.17159282  0.25419622  0.25346285  0.24625269  0.22559782  0.21307505  
NC_015536.1_Aspidoparia_morar 0.12751034  0.15692347  0.12200376  0.13355882  0.11320516  0.11880276  0.10523714  0.13371439  0.00000000  0.11048305  0.15472348  0.13688828  0.18189176  0.18128446  0.26397325  0.26131208  0.26599611  0.24198768  0.21662226  
NC_015549.1_Salmostoma_bacaila 0.14946281  0.17087827  0.13189568  0.14813002  0.12927653  0.13062664  0.11718297  0.15346842  0.11048305  0.00000000  0.16645198  0.14537523  0.18284369  0.18688599  0.27036434  0.26108907  0.26073673  0.25144467  0.22050998  
NC_015541.1_Luciosoma_bleekeri 0.16581431  0.18128598  0.14493435  0.16004709  0.13665201  0.14754947  0.13606483  0.16178916  0.15472348  0.16645198  0.00000000  0.08287021  0.19288617  0.19231202  0.27655415  0.25932994  0.26225073  0.24466723  0.21647941  
AP011423.1_Luciosoma_setigerum 0.14163325  0.16852657  0.12833506  0.14000213  0.12292741  0.12448165  0.10896551  0.13734170  0.13688828  0.14537523  0.08287021  0.00000000  0.16202848  0.16894986  0.25424935  0.24811931  0.24907954  0.22797035  0.19646242  
KR606519.1_Danio_nigrofasciatus 0.15959943  0.18851749  0.15567951  0.16918881  0.14543643  0.15478276  0.14095642  0.17221162  0.18189176  0.18284369  0.19288617  0.16202848  0.00000000  0.02587856  0.17643182  0.16581630  0.17175585  0.20447580  0.18180944  
NC_002333.2_Danio_rerio 0.16133873  0.19058388  0.15434324  0.16809499  0.14670695  0.15231885  0.14072283  0.17159282  0.18128446  0.18688599  0.19231202  0.16894986  0.02587856  0.00000000  0.18436229  0.17216454  0.17284296  0.21316080  0.18715842  
NC_037360.1_Microdevario_kubotai 0.25589387  0.27312568  0.23096893  0.25331672  0.22856420  0.23303645  0.23225522  0.25419622  0.26397325  0.27036434  0.27655415  0.25424935  0.17643182  0.18436229  0.00000000  0.17778291  0.18192626  0.29355748  0.28801992  
NC_031630.1_Devario_devario 0.23888479  0.26556721  0.23778177  0.25240498  0.22792325  0.22636994  0.22727254  0.25346285  0.26131208  0.26108907  0.25932994  0.24811931  0.16581630  0.17216454  0.17778291  0.00000000  0.02217394  0.28623779  0.26851674  
MZ853154.1_Devario_interruptus 0.24165739  0.26878604  0.23897162  0.25246745  0.22857938  0.22603591  0.22608013  0.24625269  0.26599611  0.26073673  0.26225073  0.24907954  0.17175585  0.17284296  0.18192626  0.02217394  0.00000000  0.28406164  0.26594744  
NC_043864.1_Amblypharyngodon_mola 0.22822090  0.23221862  0.21555971  0.22007969  0.21371355  0.21625330  0.20980148  0.22559782  0.24198768  0.25144467  0.24466723  0.22797035  0.20447580  0.21316080  0.29355748  0.28623779  0.28406164  0.00000000  0.11804225  
MK955877.1_Rasbora_tornieri 0.20646213  0.22869363  0.19326047  0.20711820  0.18404824  0.19507773  0.18295286  0.21307505  0.21662226  0.22050998  0.21647941  0.19646242  0.18180944  0.18715842  0.28801992  0.26851674  0.26594744  0.11804225  0.00000000  

19
MZ853157.1_Opsarius_pulchellus 0.00000000  0.12863417  0.09908336  0.10414436  0.08385579  0.09404200  0.08148318  0.10620825  0.13379655  0.14813076  0.15758597  0.13195362  0.15145269  0.16135864  0.25248239  0.23023962  0.23558959  0.19653212  0.18735457  
NC_031575.1_Opsaridium_ubangienser 0.12863417  0.00000000  0.09670833  0.10888135  0.08988911  0.10389530  0.09204552  0.12202374  0.14484909  0.16575267  0.16727252  0.14862602  0.17540404  0.18120354  0.26770313  0.24496947  0.24764274  0.20153976  0.19839247  
AP012118.1_Raiamas_buchholzi 0.09908336  0.09670833  0.00000000  0.08289935  0.06159832  0.07202425  0.05649573  0.09769169  0.11597439  0.13425986  0.13586344  0.11569532  0.15016750  0.15708846  0.24258624  0.22881125  0.22751218  0.18544968  0.17733360  
APO10780.1_Raiamas_senegalensis 0.10414436  0.10888135  0.08289935  0.00000000  0.06586952  0.07267395  0.06862995  0.10059592  0.11833907  0.13993451  0.14067424  0.12008494  0.16107266  0.16691616  0.25556411  0.23332831  0.23653499  0.18676822  0.18347125  
AP011222.1_Raiamas_guttatus 0.08385579  0.08988911  0.06159832  0.06586952  0.00000000  0.05853264  0.04126915  0.08596896  0.11092515  0.12958398  0.12992363  0.10870469  0.13781575  0.14512553  0.23727817  0.21753265  0.21769721  0.18445766  0.16386724  
AP012113.1_Raiamas_steindachneri 0.09404200  0.10389530  0.07202425  0.07267395  0.05853264  0.00000000  0.05469278  0.09480614  0.11443498  0.12766512  0.14202308  0.11520464  0.15155990  0.15886036  0.23881028  0.21722904  0.22050273  0.18758401  0.17544038  
NC_046023.1_Barilius_malabaricus 0.08148318  0.09204552  0.05649573  0.06862995  0.04126915  0.05469278  0.00000000  0.08724527  0.10398390  0.11868129  0.12568291  0.10062777  0.13192843  0.13993661  0.23514856  0.21635032  0.21425267  0.18129013  0.16425193  
NC_015533.1_Barilius_bendelisis 0.10620825  0.12202374  0.09769169  0.10059592  0.08596896  0.09480614  0.08724527  0.00000000  0.13551794  0.15355053  0.14894547  0.12411111  0.16330670  0.17184788  0.26124881  0.24509427  0.24140603  0.20412227  0.19404191  
NC_015536.1_Aspidoparia_morar 0.13379655  0.14484909  0.11597439  0.11833907  0.11092515  0.11443498  0.10398390  0.13551794  0.00000000  0.09524488  0.14935416  0.12591074  0.17838930  0.18585388  0.26434967  0.24820008  0.25473010  0.21132802  0.19765639  
NC_015549.1_Salmostoma_bacaila 0.14813076  0.16575267  0.13425986  0.13993451  0.12958398  0.12766512  0.11868129  0.15355053  0.09524488  0.00000000  0.15912039  0.13803676  0.18948977  0.19744320  0.28331702  0.25640611  0.26016175  0.21912081  0.20696459  
NC_015541.1_Luciosoma_bleekeri 0.15758597  0.16727252  0.13586344  0.14067424  0.12992363  0.14202308  0.12568291  0.14894547  0.14935416  0.15912039  0.00000000  0.06801273  0.18226372  0.19024754  0.27706991  0.26146319  0.26019396  0.21061026  0.20444442  
AP011423.1_Luciosoma_setigerum 0.13195362  0.14862602  0.11569532  0.12008494  0.10870469  0.11520464  0.10062777  0.12411111  0.12591074  0.13803676  0.06801273  0.00000000  0.15186332  0.16399735  0.25493115  0.23399564  0.23470457  0.18586135  0.18116215  
KR606519.1_Danio_nigrofasciatus 0.15145269  0.17540404  0.15016750  0.16107266  0.13781575  0.15155990  0.13192843  0.16330670  0.17838930  0.18948977  0.18226372  0.15186332  0.00000000  0.02244477  0.17421903  0.15441072  0.16110524  0.17016223  0.16070962  
NC_002333.2_Danio_rerio 0.16135864  0.18120354  0.15708846  0.16691616  0.14512553  0.15886036  0.13993661  0.17184788  0.18585388  0.19744320  0.19024754  0.16399735  0.02244477  0.00000000  0.18184149  0.16044357  0.16413266  0.18252900  0.16911471  
NC_037360.1_Microdevario_kubotai 0.25248239  0.26770313  0.24258624  0.25556411  0.23727817  0.23881028  0.23514856  0.26124881  0.26434967  0.28331702  0.27706991  0.25493115  0.17421903  0.18184149  0.00000000  0.17778155  0.18040563  0.26878417  0.25483198  
NC_031630.1_Devario_devario 0.23023962  0.24496947  0.22881125  0.23332831  0.21753265  0.21722904  0.21635032  0.24509427  0.24820008  0.25640611  0.26146319  0.23399564  0.15441072  0.16044357  0.17778155  0.00000000  0.02106372  0.24100733  0.22803991  
MZ853154.1_Devario_interruptus 0.23558959  0.24764274  0.22751218  0.23653499  0.21769721  0.22050273  0.21425267  0.24140603  0.25473010  0.26016175  0.26019396  0.23470457  0.16110524  0.16413266  0.18040563  0.02106372  0.00000000  0.24073535  0.23045316  
NC_043864.1_Amblypharyngodon_mola 0.19653212  0.20153976  0.18544968  0.18676822  0.18445766  0.18758401  0.18129013  0.20412227  0.21132802  0.21912081  0.21061026  0.18586135  0.17016223  0.18252900  0.26878417  0.24100733  0.24073535  0.00000000  0.10790488  
MK955877.1_Rasbora_tornieri 0.18735457  0.19839247  0.17733360  0.18347125  0.16386724  0.17544038  0.16425193  0.19404191  0.19765639  0.20696459  0.20444442  0.18116215  0.16070962  0.16911471  0.25483198  0.22803991  0.23045316  0.10790488  0.00000000  

19
MZ853157.1_Opsarius_pulchellus 0.00000000  0.12300469  0.09211840  0.09187037  0.07128390  0.08750647  0.07216191  0.09792278  0.12939287  0.15826960  0.14845170  0.13265452  0.15513476  0.15025232  0.24072623  0.23172352  0.23614688  0.19756915  0.18624317  
NC_031575.1_Opsaridium_ubangienser 0.12300469  0.00000000  0.08642319  0.10157463  0.08993513  0.09607587  0.09311408  0.12341416  0.14072261  0.17371710  0.15673384  0.14186937  0.16349623  0.16111423  0.24997941  0.24290640  0.24534151  0.20204077  0.19671844  
AP012118.1_Raiamas_buchholzi 0.09211840  0.08642319  0.00000000  0.06944908  0.05418709  0.06175530  0.04701708  0.08788556  0.11085352  0.14302931  0.12300861  0.11007113  0.13550862  0.13168553  0.20952579  0.22096616  0.22349328  0.18581025  0.17155436  
APO10780.1_Raiamas_senegalensis 0.09187037  0.10157463  0.06944908  0.00000000  0.05769867  0.06612610  0.05323854  0.10180266  0.11566753  0.14449737  0.13211606  0.12025951  0.14260939  0.13917630  0.22057881  0.22142082  0.22600407  0.18544470  0.18261335  
AP011222.1_Raiamas_guttatus 0.07128390  0.08993513  0.05418709  0.05769867  0.00000000  0.05169940  0.03432491  0.08099448  0.10181666  0.13355656  0.12182060  0.10834522  0.12892026  0.12841478  0.21976847  0.21220957  0.21438011  0.18592771  0.16570031  
AP012113.1_Raiamas_steindachneri 0.08750647  0.09607587  0.06175530  0.06612610  0.05169940  0.00000000  0.05072345  0.08928378  0.10979942  0.14077002  0.13084895  0.11112568  0.14366083  0.14126222  0.22275632  0.21367215  0.21673379  0.19135608  0.17300363  
NC_046023.1_Barilius_malabaricus 0.07216191  0.09311408  0.04701708  0.05323854  0.03432491  0.05072345  0.00000000  0.07937309  0.09726151  0.12845226  0.11293980  0.09483644  0.12704337  0.12736178  0.21484216  0.21349630  0.21406845  0.18441869  0.16952674  
NC_015533.1_Barilius_bendelisis 0.09792278  0.12341416  0.08788556  0.10180266  0.08099448  0.08928378  0.07937309  0.00000000  0.13693993  0.17158635  0.14881998  0.13152762  0.16621075  0.16059001  0.25248197  0.24623435  0.24552337  0.20906972  0.19562236  
NC_015536.1_Aspidoparia_morar 0.12939287  0.14072261  0.11085352  0.11566753  0.10181666  0.10979942  0.09726151  0.13693993  0.00000000  0.10668365  0.14259783  0.12710683  0.16797715  0.16388736  0.24848771  0.24687443  0.25132702  0.19825936  0.18349246  
NC_015549.1_Salmostoma_bacaila 0.15826960  0.17371710  0.14302931  0.14449737  0.13355656  0.14077002  0.12845226  0.17158635  0.10668365  0.00000000  0.16575121  0.15261694  0.18769609  0.18505426  0.27689210  0.26301945  0.26558637  0.22762965  0.20622315  
NC_015541.1_Luciosoma_bleekeri 0.14845170  0.15673384  0.12300861  0.13211606  0.12182060  0.13084895  0.11293980  0.14881998  0.14259783  0.16575121  0.00000000  0.06554775  0.16035216  0.15868593  0.25164886  0.24523960  0.24891012  0.21548902  0.18407345  
AP011423.1_Luciosoma_setigerum 0.13265452  0.14186937  0.11007113  0.12025951  0.10834522  0.11112568  0.09483644  0.13152762  0.12710683  0.15261694  0.06554775  0.00000000  0.14582308  0.14624572  0.22832275  0.22429571  0.22565411  0.19239988  0.16665063  
KR606519.1_Danio_nigrofasciatus 0.15513476  0.16349623  0.13550862  0.14260939  0.12892026  0.14366083  0.12704337  0.16621075  0.16797715  0.18769609  0.16035216  0.14582308  0.00000000  0.02724442  0.17257210  0.15118945  0.16232574  0.18861555  0.16381565  
NC_002333.2_Danio_rerio 0.15025232  0.16111423  0.13168553  0.13917630  0.12841478  0.14126222  0.12736178  0.16059001  0.16388736  0.18505426  0.15868593  0.14624572  0.02724442  0.00000000  0.17539626  0.15534529  0.16104387  0.19125973  0.16864333  
NC_037360.1_Microdevario_kubotai 0.24072623  0.24997941  0.20952579  0.22057881  0.21976847  0.22275632  0.21484216  0.25248197  0.24848771  0.27689210  0.25164886  0.22832275  0.17257210  0.17539626  0.00000000  0.17007240  0.17080431  0.26235888  0.25033822  
NC_031630.1_Devario_devario 0.23172352  0.24290640  0.22096616  0.22142082  0.21220957  0.21367215  0.21349630  0.24623435  0.24687443  0.26301945  0.24523960  0.22429571  0.15118945  0.15534529  0.17007240  0.00000000  0.01696534  0.25709822  0.23139510  
MZ853154.1_Devario_interruptus 0.23614688  0.24534151  0.22349328  0.22600407  0.21438011  0.21673379  0.21406845  0.24552337  0.25132702  0.26558637  0.24891012  0.22565411  0.16232574  0.16104387  0.17080431  0.01696534  0.00000000  0.25539923  0.23312304  
NC_043864.1_Amblypharyngodon_mola 0.19756915  0.20204077  0.18581025  0.18544470  0.18592771  0.19135608  0.18441869  0.20906972  0.19825936  0.22762965  0.21548902  0.19239988  0.18861555  0.19125973  0.26235888  0.25709822  0.25539923  0.00000000  0.10006665  
